50 1 200 4 2000 500
17 6 11 17 35 37 40 41 54 56 64 67 94 97 100 128 155 174
2 27 85
4 31 72 92 141
8 52 60 76 104 127 134 158 180
6 3 38 53 99 122 173
6 46 49 79 82 148 170
4 20 124 147 156
4 31 72 92 110
7 7 12 13 23 59 102 105
4 24 88 196 199
6 75 87 117 133 137 172
17 19 33 50 66 90 91 93 125 131 154 164 165 177 187 188 190 194
7 52 60 76 104 127 134 180
5 42 120 171 186 192
7 47 118 143 145 153 157 167
17 0 77 83 95 103 108 112 115 119 135 140 142 144 159 169 182 189
7 47 118 143 145 153 157 167
17 19 33 50 66 90 91 93 125 131 154 164 165 177 187 188 190 194
6 36 42 120 171 186 192
5 27 55 85 116 183
17 6 11 17 35 37 40 41 54 56 64 67 94 97 100 128 155 174
11 5 8 15 34 44 61 62 152 160 161 178
7 46 49 79 82 113 148 170
4 24 88 196 199
4 20 124 147 156
4 27 55 85 116
4 36 42 120 186
17 6 11 17 35 37 40 41 54 56 64 67 94 97 100 128 155 174
4 24 88 196 199
17 19 33 50 66 90 91 93 125 131 154 164 165 177 187 188 190 194
4 7 23 28 102
4 20 124 147 156
12 10 16 21 26 43 45 101 121 146 184 191 198
4 27 55 85 116
7 22 36 42 120 171 186 192
5 27 55 85 116 183
7 22 36 42 120 171 186 192
3 31 92 141
6 81 136 149 151 168 176
4 31 92 110 141
7 47 118 143 145 153 157 167
4 4 51 57 86
7 52 60 76 104 127 134 180
3 31 92 110
6 46 49 82 113 148 170
6 22 36 42 120 171 186
6 7 12 23 28 102 105
17 6 11 17 35 37 40 41 54 56 64 67 94 97 100 128 155 174
3 27 85 116
4 27 85 116 183
3 27 85 116
7 52 60 76 104 134 158 180
4 4 51 57 86
11 10 16 21 26 43 45 101 121 146 184 191
8 69 73 80 84 138 162 179 185
8 52 60 76 104 127 134 158 180
7 52 60 76 127 134 158 180
4 20 124 147 156
31 1 2 9 14 18 25 29 30 39 48 63 68 70 71 74 96 98 106 107 109 111 114 123 129 130 132 150 166 175 193 195
7 52 60 76 104 127 134 180
7 47 118 143 145 153 157 167
4 24 88 196 199
31 1 2 9 14 18 25 29 30 39 48 63 68 70 71 74 96 98 106 107 109 111 114 123 129 130 132 150 166 175 193 195
3 87 117 133
4 20 124 147 156
17 6 11 17 35 37 40 41 54 56 64 67 94 97 100 128 155 174
7 47 118 143 145 153 157 167
31 1 2 9 14 18 25 29 30 39 48 63 68 70 71 74 96 98 106 107 109 111 114 123 129 130 132 150 166 175 193 195
6 73 80 84 138 162 179
17 6 11 17 35 37 40 41 54 56 64 67 94 97 100 128 155 174
4 20 124 147 156
7 52 60 76 104 134 158 180
4 20 124 147 156
4 31 72 92 110
7 47 118 143 145 153 157 167
3 27 85 183
17 6 11 17 35 37 40 41 54 56 64 67 94 97 100 128 155 174
4 87 117 133 139
4 20 124 147 156
7 52 60 76 127 134 158 180
4 20 124 147 156
5 126 136 149 168 176
4 20 124 147 156
5 27 55 85 116 183
17 19 33 50 66 90 91 93 125 131 154 164 165 177 187 188 190 194
17 0 77 83 95 103 108 112 115 119 135 140 142 144 159 169 182 189
4 20 124 147 156
5 31 72 92 110 141
4 4 51 57 86
4 24 88 196 199
4 20 124 147 156
4 27 55 85 116
4 4 51 57 86
17 19 33 50 66 90 91 93 125 131 154 164 165 177 187 188 190 194
4 20 124 147 156
7 69 73 80 84 138 162 185
3 31 92 141
8 32 75 78 87 117 133 137 139
6 52 60 76 104 134 180
17 6 11 17 35 37 40 41 54 56 64 67 94 97 100 128 155 174
11 5 8 15 34 44 61 62 152 160 161 178
17 6 11 17 35 37 40 41 54 56 64 67 94 97 100 128 155 174
4 24 88 196 199
6 81 126 136 149 168 176
5 31 72 92 110 141
5 38 53 89 99 122
4 24 88 196 199
4 20 124 147 156
5 31 72 92 110 141
5 126 136 149 168 176
4 31 72 92 141
7 65 81 136 149 151 168 176
5 31 72 92 110 141
4 20 124 147 156
6 46 49 79 82 148 170
4 4 51 57 86
4 31 92 110 141
4 24 88 196 199
3 31 92 110
31 1 2 9 14 18 25 29 30 39 48 63 68 70 71 74 96 98 106 107 109 111 114 123 129 130 132 150 166 175 193 195
7 7 12 13 23 28 59 102
5 22 36 42 120 186
17 19 33 50 66 90 91 93 125 131 154 164 165 177 187 188 190 194
5 69 73 80 84 162
7 46 49 79 82 113 148 170
7 46 49 79 82 113 148 170
17 6 11 17 35 37 40 41 54 56 64 67 94 97 100 128 155 174
4 24 88 196 199
17 19 33 50 66 90 91 93 125 131 154 164 165 177 187 188 190 194
5 31 72 92 110 141
5 3 38 53 99 122
4 31 72 92 141
6 52 60 76 104 134 180
4 20 124 147 156
4 4 51 57 86
17 6 11 17 35 37 40 41 54 56 64 67 94 97 100 128 155 174
7 46 49 79 82 113 148 170
17 6 11 17 35 37 40 41 54 56 64 67 94 97 100 128 155 174
6 81 126 136 149 168 176
17 0 77 83 95 103 108 112 115 119 135 140 142 144 159 169 182 189
6 22 42 120 171 186 192
6 52 60 76 127 134 180
4 42 120 171 186
11 5 8 15 34 44 61 62 152 160 161 178
11 5 8 15 34 44 61 62 152 160 161 178
5 31 72 92 110 141
7 22 36 42 120 171 186 192
6 38 53 89 99 122 173
6 32 75 87 117 133 172
4 31 72 92 141
11 5 8 15 34 44 61 62 152 160 161 178
3 27 85 116
4 4 51 57 86
6 7 12 23 59 102 105
4 27 55 85 116
11 5 8 15 34 44 61 62 152 160 161 178
11 5 8 15 34 44 61 62 152 160 161 178
6 46 49 82 113 148 170
5 73 80 84 162 185
7 47 118 143 145 153 157 167
8 52 60 76 104 127 134 158 180
4 24 88 196 199
4 31 92 110 141
7 75 78 87 117 133 139 172
31 1 2 9 14 18 25 29 30 39 48 63 68 70 71 74 96 98 106 107 109 111 114 123 129 130 132 150 166 175 193 195
6 3 38 53 89 122 173
4 24 88 196 199
4 4 51 57 86
3 27 85 116
4 24 88 196 199
6 36 42 120 171 186 192
17 0 77 83 95 103 108 112 115 119 135 140 142 144 159 169 182 189
3 27 55 85
7 52 60 76 104 127 134 180
5 31 72 92 110 141
5 126 136 149 151 176
4 87 117 133 137
6 81 126 136 149 151 176
4 24 88 196 199
4 31 72 92 110
7 46 49 79 82 113 148 170
12 10 16 21 26 43 45 121 146 163 184 191 198
5 22 42 120 171 186
4 20 124 147 156
11 5 8 15 34 44 61 62 152 160 161 178
3 27 55 85
7 3 38 53 89 99 122 173
7 46 49 79 82 113 148 170
4 24 88 196 199
17 6 11 17 35 37 40 41 54 56 64 67 94 97 100 128 155 174
4 20 124 147 156
6 65 126 136 149 168 176
4 4 51 57 86
4 20 124 147 156
8 52 60 76 104 127 134 158 180
4 4 51 57 86
8 52 60 76 104 127 134 158 180
5 31 72 92 110 141
31 1 2 9 14 18 25 29 30 39 48 63 68 70 71 74 96 98 106 107 109 111 114 123 129 130 132 150 166 175 193 195
4 24 88 196 199
6 22 42 120 171 186 192
6 52 60 76 134 158 180
6 46 49 79 82 148 170
4 75 87 117 133
4 78 87 117 133
11 5 8 15 34 44 61 62 152 160 161 178
5 27 55 85 116 183
5 31 72 92 110 141
17 6 11 17 35 37 40 41 54 56 64 67 94 97 100 128 155 174
13 10 16 21 26 43 45 101 121 146 184 191 197 198
4 65 136 149 176
4 42 120 171 186
17 19 33 50 66 90 91 93 125 131 154 164 165 177 187 188 190 194
7 47 118 143 145 153 157 167
4 20 124 147 156
4 20 124 147 156
4 24 88 196 199
5 87 117 133 139 172
6 46 49 79 82 113 170
4 87 117 133 139
5 42 120 171 186 192
11 5 8 15 34 44 61 62 152 160 161 178
4 24 88 196 199
4 24 88 196 199
4 4 51 57 86
5 69 73 80 84 162
4 20 124 147 156
13 10 16 21 26 43 45 121 146 163 184 191 197 198
6 38 53 58 89 99 122
4 4 51 57 86
31 1 2 9 14 18 25 29 30 39 48 63 68 70 71 74 96 98 106 107 109 111 114 123 129 130 132 150 166 175 193 195
4 4 51 57 86
5 32 87 117 133 137
5 38 53 58 89 122
5 27 55 85 116 183
7 52 60 76 104 134 158 180
17 19 33 50 66 90 91 93 125 131 154 164 165 177 187 188 190 194
4 24 88 196 199
17 19 33 50 66 90 91 93 125 131 154 164 165 177 187 188 190 194
7 52 60 76 127 134 158 180
5 46 49 79 82 170
6 69 73 80 84 138 162
31 1 2 9 14 18 25 29 30 39 48 63 68 70 71 74 96 98 106 107 109 111 114 123 129 130 132 150 166 175 193 195
6 46 49 79 82 148 170
4 24 88 196 199
17 6 11 17 35 37 40 41 54 56 64 67 94 97 100 128 155 174
6 46 49 82 113 148 170
4 20 124 147 156
4 24 88 196 199
8 52 60 76 104 127 134 158 180
5 36 42 120 171 186
4 4 51 57 86
4 27 55 85 183
4 24 88 196 199
4 87 117 133 139
4 24 88 196 199
11 5 8 15 34 44 61 62 152 160 161 178
7 47 118 143 145 153 157 167
5 31 72 92 110 141
4 24 88 196 199
5 31 72 92 110 141
31 1 2 9 14 18 25 29 30 39 48 63 68 70 71 74 96 98 106 107 109 111 114 123 129 130 132 150 166 175 193 195
6 73 80 84 138 162 185
7 46 49 79 82 113 148 170
7 52 60 76 127 134 158 180
6 7 23 28 59 102 105
12 10 16 21 26 43 45 121 146 181 184 191 197
31 1 2 9 14 18 25 29 30 39 48 63 68 70 71 74 96 98 106 107 109 111 114 123 129 130 132 150 166 175 193 195
7 47 118 143 145 153 157 167
7 52 60 76 104 134 158 180
4 75 87 117 133
17 19 33 50 66 90 91 93 125 131 154 164 165 177 187 188 190 194
5 3 38 53 122 173
31 1 2 9 14 18 25 29 30 39 48 63 68 70 71 74 96 98 106 107 109 111 114 123 129 130 132 150 166 175 193 195
6 52 60 76 104 134 180
4 4 51 57 86
7 52 60 76 104 127 134 180
17 6 11 17 35 37 40 41 54 56 64 67 94 97 100 128 155 174
11 10 16 21 26 43 45 121 146 163 184 191
8 69 73 80 84 138 162 179 185
17 19 33 50 66 90 91 93 125 131 154 164 165 177 187 188 190 194
17 0 77 83 95 103 108 112 115 119 135 140 142 144 159 169 182 189
17 6 11 17 35 37 40 41 54 56 64 67 94 97 100 128 155 174
3 27 85 116
17 0 77 83 95 103 108 112 115 119 135 140 142 144 159 169 182 189
17 19 33 50 66 90 91 93 125 131 154 164 165 177 187 188 190 194
5 31 72 92 110 141
4 4 51 57 86
4 20 124 147 156
7 47 118 143 145 153 157 167
5 78 87 117 133 172
4 20 124 147 156
3 27 85 116
31 1 2 9 14 18 25 29 30 39 48 63 68 70 71 74 96 98 106 107 109 111 114 123 129 130 132 150 166 175 193 195
11 5 8 15 34 44 61 62 152 160 161 178
7 52 60 76 104 134 158 180
6 3 38 53 89 122 173
7 75 78 87 117 133 137 139
15 10 16 21 26 43 45 101 121 146 163 181 184 191 197 198
4 20 124 147 156
17 19 33 50 66 90 91 93 125 131 154 164 165 177 187 188 190 194
5 65 136 149 168 176
7 38 53 58 89 99 122 173
17 19 33 50 66 90 91 93 125 131 154 164 165 177 187 188 190 194
4 31 92 110 141
4 24 88 196 199
4 24 88 196 199
4 4 51 57 86
17 6 11 17 35 37 40 41 54 56 64 67 94 97 100 128 155 174
7 52 60 76 104 127 134 180
13 10 16 21 26 43 45 121 146 163 181 184 191 198
4 27 55 85 116
4 81 136 149 176
4 38 53 89 122
4 4 51 57 86
4 7 13 23 102
31 1 2 9 14 18 25 29 30 39 48 63 68 70 71 74 96 98 106 107 109 111 114 123 129 130 132 150 166 175 193 195
8 3 38 53 58 89 99 122 173
17 0 77 83 95 103 108 112 115 119 135 140 142 144 159 169 182 189
4 4 51 57 86
17 19 33 50 66 90 91 93 125 131 154 164 165 177 187 188 190 194
5 73 80 84 162 179
17 0 77 83 95 103 108 112 115 119 135 140 142 144 159 169 182 189
17 6 11 17 35 37 40 41 54 56 64 67 94 97 100 128 155 174
4 24 88 196 199
6 3 38 53 89 122 173
11 10 16 21 26 43 45 121 146 181 184 191
4 24 88 196 199
4 7 23 28 102
17 0 77 83 95 103 108 112 115 119 135 140 142 144 159 169 182 189
4 4 51 57 86
4 20 124 147 156
17 6 11 17 35 37 40 41 54 56 64 67 94 97 100 128 155 174
17 19 33 50 66 90 91 93 125 131 154 164 165 177 187 188 190 194
11 10 16 21 26 43 45 121 146 163 184 191
5 27 55 85 116 183
4 24 88 196 199
17 19 33 50 66 90 91 93 125 131 154 164 165 177 187 188 190 194
31 1 2 9 14 18 25 29 30 39 48 63 68 70 71 74 96 98 106 107 109 111 114 123 129 130 132 150 166 175 193 195
4 31 72 92 110
17 6 11 17 35 37 40 41 54 56 64 67 94 97 100 128 155 174
11 5 8 15 34 44 61 62 152 160 161 178
5 65 81 136 149 176
11 5 8 15 34 44 61 62 152 160 161 178
4 24 88 196 199
5 36 42 120 186 192
4 136 149 168 176
7 52 60 76 104 134 158 180
17 6 11 17 35 37 40 41 54 56 64 67 94 97 100 128 155 174
17 19 33 50 66 90 91 93 125 131 154 164 165 177 187 188 190 194
5 65 81 136 149 176
4 20 124 147 156
4 20 124 147 156
6 3 38 53 58 89 122
4 4 51 57 86
17 0 77 83 95 103 108 112 115 119 135 140 142 144 159 169 182 189
4 24 88 196 199
5 3 38 53 99 122
3 27 85 183
12 10 16 21 26 43 45 101 121 146 181 184 191
4 42 120 186 192
7 52 60 76 104 134 158 180
3 31 92 110
4 20 124 147 156
17 6 11 17 35 37 40 41 54 56 64 67 94 97 100 128 155 174
8 69 73 80 84 138 162 179 185
31 1 2 9 14 18 25 29 30 39 48 63 68 70 71 74 96 98 106 107 109 111 114 123 129 130 132 150 166 175 193 195
4 20 124 147 156
17 19 33 50 66 90 91 93 125 131 154 164 165 177 187 188 190 194
5 31 72 92 110 141
4 136 149 168 176
4 81 136 149 176
5 73 80 84 138 162
4 20 124 147 156
7 47 118 143 145 153 157 167
11 5 8 15 34 44 61 62 152 160 161 178
7 52 60 76 104 134 158 180
6 78 87 117 133 137 172
7 69 73 80 84 138 162 185
4 20 124 147 156
4 24 88 196 199
7 52 60 76 104 134 158 180
17 19 33 50 66 90 91 93 125 131 154 164 165 177 187 188 190 194
4 4 51 57 86
8 52 60 76 104 127 134 158 180
4 24 88 196 199
6 69 73 80 84 138 162
5 31 72 92 110 141
6 36 42 120 171 186 192
4 20 124 147 156
4 42 120 186 192
4 20 124 147 156
11 5 8 15 34 44 61 62 152 160 161 178
5 136 149 151 168 176
11 5 8 15 34 44 61 62 152 160 161 178
17 0 77 83 95 103 108 112 115 119 135 140 142 144 159 169 182 189
4 24 88 196 199
31 1 2 9 14 18 25 29 30 39 48 63 68 70 71 74 96 98 106 107 109 111 114 123 129 130 132 150 166 175 193 195
17 0 77 83 95 103 108 112 115 119 135 140 142 144 159 169 182 189
4 81 136 149 176
4 31 92 110 141
12 10 16 21 26 43 45 121 146 163 184 191 198
5 3 38 53 89 122
4 20 124 147 156
4 20 124 147 156
8 32 75 78 87 117 133 137 172
5 78 87 117 133 137
17 19 33 50 66 90 91 93 125 131 154 164 165 177 187 188 190 194
6 46 49 79 82 148 170
4 20 124 147 156
31 1 2 9 14 18 25 29 30 39 48 63 68 70 71 74 96 98 106 107 109 111 114 123 129 130 132 150 166 175 193 195
5 36 42 120 171 186
11 5 8 15 34 44 61 62 152 160 161 178
6 22 36 42 120 186 192
4 4 51 57 86
4 27 55 85 116
4 20 124 147 156
4 27 55 85 116
7 69 73 80 84 162 179 185
7 47 118 143 145 153 157 167
13 10 16 21 26 43 45 121 146 163 181 184 191 197
6 46 49 82 113 148 170
5 73 80 84 162 185
4 27 55 85 183
11 5 8 15 34 44 61 62 152 160 161 178
4 27 55 85 183
17 19 33 50 66 90 91 93 125 131 154 164 165 177 187 188 190 194
11 5 8 15 34 44 61 62 152 160 161 178
11 5 8 15 34 44 61 62 152 160 161 178
4 20 124 147 156
6 69 73 80 84 162 185
17 0 77 83 95 103 108 112 115 119 135 140 142 144 159 169 182 189
17 19 33 50 66 90 91 93 125 131 154 164 165 177 187 188 190 194
4 27 85 116 183
4 31 92 110 141
4 20 124 147 156
6 73 80 84 138 162 179
3 87 117 133
5 27 55 85 116 183
4 22 42 120 186
4 27 85 116 183
17 19 33 50 66 90 91 93 125 131 154 164 165 177 187 188 190 194
6 81 126 136 149 168 176
4 31 72 92 110
7 47 118 143 145 153 157 167
6 46 49 79 82 113 170
4 31 92 110 141
4 27 55 85 183
17 0 77 83 95 103 108 112 115 119 135 140 142 144 159 169 182 189
17 19 33 50 66 90 91 93 125 131 154 164 165 177 187 188 190 194
17 19 33 50 66 90 91 93 125 131 154 164 165 177 187 188 190 194
5 81 126 136 149 176
10 10 16 21 26 43 45 121 146 184 191
6 69 73 80 84 162 185
3 31 92 110
7 52 60 76 127 134 158 180
4 136 149 168 176
8 52 60 76 104 127 134 158 180
17 19 33 50 66 90 91 93 125 131 154 164 165 177 187 188 190 194
5 22 42 120 171 186
4 38 53 99 122
17 0 77 83 95 103 108 112 115 119 135 140 142 144 159 169 182 189
4 27 55 85 183
4 27 55 85 116
17 19 33 50 66 90 91 93 125 131 154 164 165 177 187 188 190 194
17 0 77 83 95 103 108 112 115 119 135 140 142 144 159 169 182 189
17 19 33 50 66 90 91 93 125 131 154 164 165 177 187 188 190 194
4 31 72 92 141
31 1 2 9 14 18 25 29 30 39 48 63 68 70 71 74 96 98 106 107 109 111 114 123 129 130 132 150 166 175 193 195
5 7 12 13 23 102
5 46 49 82 113 170
6 73 80 84 162 179 185
4 31 72 92 110
5 38 53 99 122 173
4 24 88 196 199
4 4 51 57 86
4 7 12 23 102
4 20 124 147 156
4 20 124 147 156
17 6 11 17 35 37 40 41 54 56 64 67 94 97 100 128 155 174
17 19 33 50 66 90 91 93 125 131 154 164 165 177 187 188 190 194
3 136 149 176
11 5 8 15 34 44 61 62 152 160 161 178
31 1 2 9 14 18 25 29 30 39 48 63 68 70 71 74 96 98 106 107 109 111 114 123 129 130 132 150 166 175 193 195
5 73 80 84 138 162
7 47 118 143 145 153 157 167
5 46 49 82 113 170
7 46 49 79 82 113 148 170
5 73 80 84 162 179
5 36 42 120 186 192
3 27 55 85
4 65 136 149 176
6 32 78 87 117 133 137
4 20 124 147 156
5 27 55 85 116 183
4 4 51 57 86
7 47 118 143 145 153 157 167
13 10 16 21 26 43 45 121 146 163 181 184 191 197
3 7 23 102
7 47 118 143 145 153 157 167
5 31 72 92 110 141
4 7 12 23 102
4 31 72 92 141
31 1 2 9 14 18 25 29 30 39 48 63 68 70 71 74 96 98 106 107 109 111 114 123 129 130 132 150 166 175 193 195
4 20 124 147 156
4 20 124 147 156
3 31 92 141
4 24 88 196 199
17 6 11 17 35 37 40 41 54 56 64 67 94 97 100 128 155 174
4 73 80 84 162
4 27 85 116 183
5 73 80 84 162 185
4 24 88 196 199
5 22 42 120 186 192
6 81 136 149 151 168 176
7 47 118 143 145 153 157 167
5 27 55 85 116 183
4 78 87 117 133
4 75 87 117 133
7 47 118 143 145 153 157 167
4 31 72 92 141
4 20 124 147 156
5 75 87 117 133 172
17 6 11 17 35 37 40 41 54 56 64 67 94 97 100 128 155 174
3 42 120 186
4 20 124 147 156
7 65 81 126 136 149 168 176
4 20 124 147 156
31 1 2 9 14 18 25 29 30 39 48 63 68 70 71 74 96 98 106 107 109 111 114 123 129 130 132 150 166 175 193 195
6 87 117 133 137 139 172
11 5 8 15 34 44 61 62 152 160 161 178
5 73 80 84 138 162
5 31 72 92 110 141
4 20 124 147 156
17 0 77 83 95 103 108 112 115 119 135 140 142 144 159 169 182 189
7 47 118 143 145 153 157 167
4 20 124 147 156
5 38 53 58 89 122
4 27 55 85 183
4 4 51 57 86
5 27 55 85 116 183
6 3 38 53 58 89 122
4 32 87 117 133
3 87 117 133
7 52 60 76 104 134 158 180
17 19 33 50 66 90 91 93 125 131 154 164 165 177 187 188 190 194
5 27 55 85 116 183
17 6 11 17 35 37 40 41 54 56 64 67 94 97 100 128 155 174
17 6 11 17 35 37 40 41 54 56 64 67 94 97 100 128 155 174
4 24 88 196 199
6 69 73 80 84 162 179
17 19 33 50 66 90 91 93 125 131 154 164 165 177 187 188 190 194
4 4 51 57 86
7 52 60 76 104 134 158 180
6 81 136 149 151 168 176
17 6 11 17 35 37 40 41 54 56 64 67 94 97 100 128 155 174
17 0 77 83 95 103 108 112 115 119 135 140 142 144 159 169 182 189
4 81 136 149 176
17 19 33 50 66 90 91 93 125 131 154 164 165 177 187 188 190 194
31 1 2 9 14 18 25 29 30 39 48 63 68 70 71 74 96 98 106 107 109 111 114 123 129 130 132 150 166 175 193 195
4 7 23 59 102
4 20 124 147 156
4 27 55 85 116
13 10 16 21 26 43 45 101 121 146 163 181 184 191
17 19 33 50 66 90 91 93 125 131 154 164 165 177 187 188 190 194
5 36 42 120 186 192
5 27 55 85 116 183
17 6 11 17 35 37 40 41 54 56 64 67 94 97 100 128 155 174
5 31 72 92 110 141
6 3 38 53 89 99 122
4 65 136 149 176
3 136 149 176
8 69 73 80 84 138 162 179 185
31 1 2 9 14 18 25 29 30 39 48 63 68 70 71 74 96 98 106 107 109 111 114 123 129 130 132 150 166 175 193 195
5 78 87 117 133 139
4 20 124 147 156
6 78 87 117 133 139 172
7 47 118 143 145 153 157 167
17 19 33 50 66 90 91 93 125 131 154 164 165 177 187 188 190 194
6 46 49 82 113 148 170
4 31 92 110 141
13 10 16 21 26 43 45 101 121 146 181 184 191 198
7 75 78 87 117 133 139 172
6 7 23 28 59 102 105
4 20 124 147 156
5 27 55 85 116 183
5 38 53 89 99 122
4 20 124 147 156
4 31 72 92 110
7 47 118 143 145 153 157 167
4 20 124 147 156
17 19 33 50 66 90 91 93 125 131 154 164 165 177 187 188 190 194
11 10 16 21 26 43 45 121 146 181 184 191
5 27 55 85 116 183
31 1 2 9 14 18 25 29 30 39 48 63 68 70 71 74 96 98 106 107 109 111 114 123 129 130 132 150 166 175 193 195
13 10 16 21 26 43 45 121 146 163 181 184 191 198
6 7 13 23 28 102 105
7 47 118 143 145 153 157 167
7 47 118 143 145 153 157 167
4 27 55 85 116
11 5 8 15 34 44 61 62 152 160 161 178
5 27 55 85 116 183
5 38 53 58 89 122
4 36 42 120 186
7 52 60 76 104 134 158 180
4 20 124 147 156
17 19 33 50 66 90 91 93 125 131 154 164 165 177 187 188 190 194
17 19 33 50 66 90 91 93 125 131 154 164 165 177 187 188 190 194
13 10 16 21 26 43 45 121 146 163 184 191 197 198
4 20 124 147 156
6 32 75 78 87 117 133
17 19 33 50 66 90 91 93 125 131 154 164 165 177 187 188 190 194
17 0 77 83 95 103 108 112 115 119 135 140 142 144 159 169 182 189
5 7 12 13 23 102
17 19 33 50 66 90 91 93 125 131 154 164 165 177 187 188 190 194
4 20 124 147 156
3 27 85 183
4 20 124 147 156
6 46 49 82 113 148 170
5 31 72 92 110 141
5 27 55 85 116 183
11 10 16 21 26 43 45 121 146 184 191 198
8 52 60 76 104 127 134 158 180
5 31 72 92 110 141
31 1 2 9 14 18 25 29 30 39 48 63 68 70 71 74 96 98 106 107 109 111 114 123 129 130 132 150 166 175 193 195
11 5 8 15 34 44 61 62 152 160 161 178
3 87 117 133
4 36 42 120 186
4 7 13 23 102
6 36 42 120 171 186 192
4 24 88 196 199
12 10 16 21 26 43 45 121 146 163 184 191 197
4 20 124 147 156
5 46 49 79 82 170
6 52 60 76 104 134 180
17 0 77 83 95 103 108 112 115 119 135 140 142 144 159 169 182 189
5 73 80 84 138 162
5 31 72 92 110 141
4 20 124 147 156
4 126 136 149 176
4 20 124 147 156
4 42 120 186 192
17 19 33 50 66 90 91 93 125 131 154 164 165 177 187 188 190 194
5 136 149 151 168 176
17 0 77 83 95 103 108 112 115 119 135 140 142 144 159 169 182 189
7 69 73 80 84 162 179 185
4 20 124 147 156
17 0 77 83 95 103 108 112 115 119 135 140 142 144 159 169 182 189
5 7 23 28 59 102
7 47 118 143 145 153 157 167
3 31 92 110
4 20 124 147 156
4 4 51 57 86
4 31 72 92 141
6 36 42 120 171 186 192
7 46 49 79 82 113 148 170
4 20 124 147 156
7 69 73 80 84 138 162 179
4 24 88 196 199
5 46 49 79 82 170
17 19 33 50 66 90 91 93 125 131 154 164 165 177 187 188 190 194
17 19 33 50 66 90 91 93 125 131 154 164 165 177 187 188 190 194
4 20 124 147 156
6 52 60 76 127 134 180
6 52 60 76 134 158 180
5 75 78 87 117 133
5 7 12 23 102 105
7 7 12 13 23 28 59 102
3 87 117 133
31 1 2 9 14 18 25 29 30 39 48 63 68 70 71 74 96 98 106 107 109 111 114 123 129 130 132 150 166 175 193 195
11 5 8 15 34 44 61 62 152 160 161 178
3 31 92 141
5 36 42 120 171 186
7 47 118 143 145 153 157 167
11 5 8 15 34 44 61 62 152 160 161 178
7 32 75 78 87 117 133 172
4 20 124 147 156
8 52 60 76 104 127 134 158 180
4 24 88 196 199
4 20 124 147 156
3 31 72 92
4 31 92 110 141
6 22 36 42 120 186 192
4 20 124 147 156
6 65 126 136 149 168 176
8 65 81 126 136 149 151 168 176
17 0 77 83 95 103 108 112 115 119 135 140 142 144 159 169 182 189
4 24 88 196 199
11 5 8 15 34 44 61 62 152 160 161 178
31 1 2 9 14 18 25 29 30 39 48 63 68 70 71 74 96 98 106 107 109 111 114 123 129 130 132 150 166 175 193 195
6 3 38 53 58 89 122
11 5 8 15 34 44 61 62 152 160 161 178
31 1 2 9 14 18 25 29 30 39 48 63 68 70 71 74 96 98 106 107 109 111 114 123 129 130 132 150 166 175 193 195
4 24 88 196 199
4 75 87 117 133
6 69 73 80 84 138 162
4 27 55 85 183
7 46 49 79 82 113 148 170
4 24 88 196 199
5 27 55 85 116 183
5 38 53 89 122 173
4 27 55 85 183
13 10 16 21 26 43 45 101 121 146 184 191 197 198
6 38 53 89 99 122 173
5 7 12 13 23 102
17 6 11 17 35 37 40 41 54 56 64 67 94 97 100 128 155 174
11 5 8 15 34 44 61 62 152 160 161 178
7 47 118 143 145 153 157 167
4 27 85 116 183
11 10 16 21 26 43 45 121 146 184 191 198
3 87 117 133
6 52 60 76 127 134 180
4 20 124 147 156
7 47 118 143 145 153 157 167
17 6 11 17 35 37 40 41 54 56 64 67 94 97 100 128 155 174
11 5 8 15 34 44 61 62 152 160 161 178
4 126 136 149 176
11 5 8 15 34 44 61 62 152 160 161 178
5 38 53 58 99 122
7 52 60 76 127 134 158 180
7 47 118 143 145 153 157 167
4 20 124 147 156
7 52 60 76 104 134 158 180
6 65 136 149 151 168 176
11 10 16 21 26 43 45 121 146 163 184 191
17 19 33 50 66 90 91 93 125 131 154 164 165 177 187 188 190 194
5 65 136 149 168 176
31 1 2 9 14 18 25 29 30 39 48 63 68 70 71 74 96 98 106 107 109 111 114 123 129 130 132 150 166 175 193 195
6 46 49 82 113 148 170
3 27 55 85
17 19 33 50 66 90 91 93 125 131 154 164 165 177 187 188 190 194
3 31 92 141
4 24 88 196 199
17 0 77 83 95 103 108 112 115 119 135 140 142 144 159 169 182 189
4 27 85 116 183
5 75 78 87 117 133
17 6 11 17 35 37 40 41 54 56 64 67 94 97 100 128 155 174
4 20 124 147 156
6 46 49 82 113 148 170
4 20 124 147 156
5 36 42 120 186 192
12 10 16 21 26 43 45 121 146 163 181 184 191
13 10 16 21 26 43 45 121 146 163 181 184 191 198
7 47 118 143 145 153 157 167
7 52 60 76 104 134 158 180
4 4 51 57 86
7 69 73 80 84 138 162 179
4 24 88 196 199
7 22 36 42 120 171 186 192
17 6 11 17 35 37 40 41 54 56 64 67 94 97 100 128 155 174
5 32 87 117 133 172
4 31 72 92 110
6 46 49 82 113 148 170
8 52 60 76 104 127 134 158 180
7 47 118 143 145 153 157 167
6 75 78 87 117 133 172
4 4 51 57 86
5 87 117 133 137 172
4 20 124 147 156
17 6 11 17 35 37 40 41 54 56 64 67 94 97 100 128 155 174
5 65 126 136 149 176
17 19 33 50 66 90 91 93 125 131 154 164 165 177 187 188 190 194
31 1 2 9 14 18 25 29 30 39 48 63 68 70 71 74 96 98 106 107 109 111 114 123 129 130 132 150 166 175 193 195
5 31 72 92 110 141
5 42 120 171 186 192
4 24 88 196 199
4 81 136 149 176
7 47 118 143 145 153 157 167
4 27 55 85 183
17 6 11 17 35 37 40 41 54 56 64 67 94 97 100 128 155 174
3 27 85 116
5 27 55 85 116 183
17 6 11 17 35 37 40 41 54 56 64 67 94 97 100 128 155 174
4 27 55 85 116
4 27 55 85 116
4 27 55 85 116
5 87 117 133 139 172
17 19 33 50 66 90 91 93 125 131 154 164 165 177 187 188 190 194
11 5 8 15 34 44 61 62 152 160 161 178
5 81 126 136 149 176
4 24 88 196 199
17 0 77 83 95 103 108 112 115 119 135 140 142 144 159 169 182 189
3 27 85 183
6 7 12 23 28 59 102
11 10 16 21 26 43 45 121 146 181 184 191
6 52 60 76 104 134 180
7 52 60 76 104 127 134 180
17 6 11 17 35 37 40 41 54 56 64 67 94 97 100 128 155 174
4 24 88 196 199
4 20 124 147 156
4 20 124 147 156
11 5 8 15 34 44 61 62 152 160 161 178
5 31 72 92 110 141
4 24 88 196 199
3 27 85 183
6 7 12 23 28 102 105
4 4 51 57 86
4 42 120 186 192
11 5 8 15 34 44 61 62 152 160 161 178
7 47 118 143 145 153 157 167
5 27 55 85 116 183
11 5 8 15 34 44 61 62 152 160 161 178
17 19 33 50 66 90 91 93 125 131 154 164 165 177 187 188 190 194
6 7 12 13 23 102 105
4 38 53 89 122
4 24 88 196 199
4 20 124 147 156
4 32 87 117 133
5 65 136 149 151 176
5 31 72 92 110 141
17 19 33 50 66 90 91 93 125 131 154 164 165 177 187 188 190 194
4 24 88 196 199
6 46 49 79 82 113 170
3 31 92 110
17 6 11 17 35 37 40 41 54 56 64 67 94 97 100 128 155 174
6 52 60 76 104 134 180
17 6 11 17 35 37 40 41 54 56 64 67 94 97 100 128 155 174
7 3 38 53 58 89 122 173
3 136 149 176
4 24 88 196 199
4 20 124 147 156
17 6 11 17 35 37 40 41 54 56 64 67 94 97 100 128 155 174
4 27 55 85 183
31 1 2 9 14 18 25 29 30 39 48 63 68 70 71 74 96 98 106 107 109 111 114 123 129 130 132 150 166 175 193 195
7 73 80 84 138 162 179 185
5 81 126 136 149 176
4 38 53 99 122
4 24 88 196 199
8 52 60 76 104 127 134 158 180
4 20 124 147 156
6 65 126 136 149 151 176
11 5 8 15 34 44 61 62 152 160 161 178
3 27 85 183
17 19 33 50 66 90 91 93 125 131 154 164 165 177 187 188 190 194
4 20 124 147 156
3 31 72 92
4 4 51 57 86
3 27 85 183
6 52 60 76 104 134 180
4 20 124 147 156
11 5 8 15 34 44 61 62 152 160 161 178
11 5 8 15 34 44 61 62 152 160 161 178
11 5 8 15 34 44 61 62 152 160 161 178
4 24 88 196 199
7 47 118 143 145 153 157 167
4 24 88 196 199
5 27 55 85 116 183
5 31 72 92 110 141
12 10 16 21 26 43 45 121 146 181 184 191 198
17 0 77 83 95 103 108 112 115 119 135 140 142 144 159 169 182 189
4 4 51 57 86
7 52 60 76 104 127 134 180
17 0 77 83 95 103 108 112 115 119 135 140 142 144 159 169 182 189
17 0 77 83 95 103 108 112 115 119 135 140 142 144 159 169 182 189
4 32 87 117 133
31 1 2 9 14 18 25 29 30 39 48 63 68 70 71 74 96 98 106 107 109 111 114 123 129 130 132 150 166 175 193 195
4 4 51 57 86
17 0 77 83 95 103 108 112 115 119 135 140 142 144 159 169 182 189
4 24 88 196 199
6 22 42 120 171 186 192
6 3 38 53 89 99 122
7 46 49 79 82 113 148 170
4 20 124 147 156
5 65 126 136 149 176
6 3 38 53 58 122 173
31 1 2 9 14 18 25 29 30 39 48 63 68 70 71 74 96 98 106 107 109 111 114 123 129 130 132 150 166 175 193 195
6 7 13 23 59 102 105
17 19 33 50 66 90 91 93 125 131 154 164 165 177 187 188 190 194
5 38 53 58 99 122
17 0 77 83 95 103 108 112 115 119 135 140 142 144 159 169 182 189
17 19 33 50 66 90 91 93 125 131 154 164 165 177 187 188 190 194
17 0 77 83 95 103 108 112 115 119 135 140 142 144 159 169 182 189
6 22 42 120 171 186 192
5 38 53 58 99 122
3 31 72 92
4 24 88 196 199
4 20 124 147 156
7 32 78 87 117 133 137 172
3 27 55 85
4 73 80 84 162
6 65 81 136 149 168 176
4 4 51 57 86
5 7 13 23 102 105
7 46 49 79 82 113 148 170
6 22 36 42 120 171 186
7 47 118 143 145 153 157 167
17 19 33 50 66 90 91 93 125 131 154 164 165 177 187 188 190 194
4 27 85 116 183
17 6 11 17 35 37 40 41 54 56 64 67 94 97 100 128 155 174
5 3 38 53 58 122
7 69 73 80 84 138 162 185
8 52 60 76 104 127 134 158 180
7 7 12 23 28 59 102 105
6 46 49 79 82 113 170
7 47 118 143 145 153 157 167
11 10 16 21 26 43 45 101 121 146 184 191
4 4 51 57 86
4 27 55 85 116
4 20 124 147 156
7 73 80 84 138 162 179 185
6 7 12 23 28 102 105
17 0 77 83 95 103 108 112 115 119 135 140 142 144 159 169 182 189
3 87 117 133
4 24 88 196 199
5 7 13 23 28 102
4 27 55 85 116
7 3 38 53 58 89 122 173
11 5 8 15 34 44 61 62 152 160 161 178
4 20 124 147 156
4 4 51 57 86
4 24 88 196 199
4 20 124 147 156
5 36 42 120 186 192
5 27 55 85 116 183
5 31 72 92 110 141
17 0 77 83 95 103 108 112 115 119 135 140 142 144 159 169 182 189
7 47 118 143 145 153 157 167
4 22 42 120 186
31 1 2 9 14 18 25 29 30 39 48 63 68 70 71 74 96 98 106 107 109 111 114 123 129 130 132 150 166 175 193 195
17 19 33 50 66 90 91 93 125 131 154 164 165 177 187 188 190 194
6 65 136 149 151 168 176
3 31 92 110
7 52 60 76 104 127 134 180
4 27 55 85 116
4 4 51 57 86
7 22 36 42 120 171 186 192
5 31 72 92 110 141
5 42 120 171 186 192
5 31 72 92 110 141
17 6 11 17 35 37 40 41 54 56 64 67 94 97 100 128 155 174
7 47 118 143 145 153 157 167
31 1 2 9 14 18 25 29 30 39 48 63 68 70 71 74 96 98 106 107 109 111 114 123 129 130 132 150 166 175 193 195
5 7 12 23 102 105
17 19 33 50 66 90 91 93 125 131 154 164 165 177 187 188 190 194
5 42 120 171 186 192
31 1 2 9 14 18 25 29 30 39 48 63 68 70 71 74 96 98 106 107 109 111 114 123 129 130 132 150 166 175 193 195
4 24 88 196 199
4 4 51 57 86
11 5 8 15 34 44 61 62 152 160 161 178
11 5 8 15 34 44 61 62 152 160 161 178
7 46 49 79 82 113 148 170
4 20 124 147 156
11 5 8 15 34 44 61 62 152 160 161 178
3 27 85 116
4 4 51 57 86
4 31 72 92 141
17 19 33 50 66 90 91 93 125 131 154 164 165 177 187 188 190 194
5 126 136 149 151 176
11 5 8 15 34 44 61 62 152 160 161 178
11 5 8 15 34 44 61 62 152 160 161 178
31 1 2 9 14 18 25 29 30 39 48 63 68 70 71 74 96 98 106 107 109 111 114 123 129 130 132 150 166 175 193 195
2 31 92
17 0 77 83 95 103 108 112 115 119 135 140 142 144 159 169 182 189
4 24 88 196 199
6 75 87 117 133 137 139
6 73 80 84 138 162 185
3 31 92 141
6 52 60 76 134 158 180
4 4 51 57 86
4 24 88 196 199
7 46 49 79 82 113 148 170
5 81 136 149 168 176
17 19 33 50 66 90 91 93 125 131 154 164 165 177 187 188 190 194
7 3 38 53 58 89 99 122
4 20 124 147 156
7 52 60 76 127 134 158 180
11 10 16 21 26 43 45 121 146 184 191 197
11 5 8 15 34 44 61 62 152 160 161 178
4 31 72 92 110
6 38 53 58 99 122 173
17 19 33 50 66 90 91 93 125 131 154 164 165 177 187 188 190 194
5 27 55 85 116 183
4 46 49 82 170
6 73 80 84 138 162 185
8 52 60 76 104 127 134 158 180
4 4 51 57 86
3 136 149 176
4 24 88 196 199
4 20 124 147 156
12 10 16 21 26 43 45 101 121 146 184 191 198
5 7 12 23 102 105
4 20 124 147 156
17 6 11 17 35 37 40 41 54 56 64 67 94 97 100 128 155 174
17 0 77 83 95 103 108 112 115 119 135 140 142 144 159 169 182 189
5 38 53 99 122 173
17 0 77 83 95 103 108 112 115 119 135 140 142 144 159 169 182 189
4 20 124 147 156
8 52 60 76 104 127 134 158 180
6 22 42 120 171 186 192
7 52 60 76 104 134 158 180
4 24 88 196 199
5 27 55 85 116 183
4 24 88 196 199
7 52 60 76 104 127 134 180
3 31 72 92
6 65 81 136 149 168 176
7 69 73 80 84 138 162 185
4 27 55 85 116
5 31 72 92 110 141
4 20 124 147 156
5 3 38 53 99 122
17 0 77 83 95 103 108 112 115 119 135 140 142 144 159 169 182 189
5 31 72 92 110 141
31 1 2 9 14 18 25 29 30 39 48 63 68 70 71 74 96 98 106 107 109 111 114 123 129 130 132 150 166 175 193 195
4 27 55 85 183
3 38 53 122
6 38 53 58 89 122 173
11 10 16 21 26 43 45 121 146 184 191 197
17 0 77 83 95 103 108 112 115 119 135 140 142 144 159 169 182 189
4 31 92 110 141
3 87 117 133
7 52 60 76 104 127 134 180
11 10 16 21 26 43 45 121 146 184 191 198
4 24 88 196 199
6 7 12 13 23 28 102
4 20 124 147 156
4 24 88 196 199
5 38 53 89 99 122
6 22 36 42 120 171 186
11 5 8 15 34 44 61 62 152 160 161 178
6 46 49 79 82 113 170
6 46 49 79 82 113 170
4 65 136 149 176
4 27 85 116 183
4 32 87 117 133
4 20 124 147 156
4 24 88 196 199
31 1 2 9 14 18 25 29 30 39 48 63 68 70 71 74 96 98 106 107 109 111 114 123 129 130 132 150 166 175 193 195
7 52 60 76 104 134 158 180
5 36 42 120 186 192
4 3 38 53 122
17 19 33 50 66 90 91 93 125 131 154 164 165 177 187 188 190 194
11 5 8 15 34 44 61 62 152 160 161 178
4 4 51 57 86
5 46 49 79 82 170
12 10 16 21 26 43 45 101 121 146 184 191 197
4 31 72 92 141
5 126 136 149 168 176
4 24 88 196 199
11 5 8 15 34 44 61 62 152 160 161 178
6 65 126 136 149 168 176
7 47 118 143 145 153 157 167
4 4 51 57 86
7 52 60 76 104 134 158 180
17 6 11 17 35 37 40 41 54 56 64 67 94 97 100 128 155 174
4 7 23 102 105
5 27 55 85 116 183
4 42 120 171 186
5 78 87 117 133 137
7 47 118 143 145 153 157 167
17 0 77 83 95 103 108 112 115 119 135 140 142 144 159 169 182 189
5 22 42 120 186 192
17 0 77 83 95 103 108 112 115 119 135 140 142 144 159 169 182 189
4 22 42 120 186
17 19 33 50 66 90 91 93 125 131 154 164 165 177 187 188 190 194
6 46 49 79 82 113 170
4 7 23 59 102
31 1 2 9 14 18 25 29 30 39 48 63 68 70 71 74 96 98 106 107 109 111 114 123 129 130 132 150 166 175 193 195
4 20 124 147 156
5 36 42 120 186 192
5 31 72 92 110 141
13 10 16 21 26 43 45 101 121 146 163 181 184 191
4 20 124 147 156
4 24 88 196 199
5 27 55 85 116 183
5 69 73 80 84 162
6 46 49 82 113 148 170
5 31 72 92 110 141
4 31 72 92 141
5 31 72 92 110 141
17 6 11 17 35 37 40 41 54 56 64 67 94 97 100 128 155 174
13 10 16 21 26 43 45 101 121 146 181 184 191 197
14 10 16 21 26 43 45 121 146 163 181 184 191 197 198
4 36 42 120 186
4 4 51 57 86
17 19 33 50 66 90 91 93 125 131 154 164 165 177 187 188 190 194
4 31 72 92 110
11 5 8 15 34 44 61 62 152 160 161 178
4 4 51 57 86
6 65 126 136 149 168 176
5 27 55 85 116 183
12 10 16 21 26 43 45 121 146 184 191 197 198
4 22 42 120 186
5 22 36 42 120 186
6 69 73 80 84 138 162
6 46 49 79 82 148 170
8 69 73 80 84 138 162 179 185
4 20 124 147 156
6 32 75 87 117 133 137
3 31 92 141
5 27 55 85 116 183
11 5 8 15 34 44 61 62 152 160 161 178
4 20 124 147 156
5 22 42 120 186 192
7 69 73 80 84 162 179 185
3 31 92 141
4 31 72 92 141
17 0 77 83 95 103 108 112 115 119 135 140 142 144 159 169 182 189
17 6 11 17 35 37 40 41 54 56 64 67 94 97 100 128 155 174
11 5 8 15 34 44 61 62 152 160 161 178
3 27 85 183
4 20 124 147 156
4 20 124 147 156
4 20 124 147 156
17 6 11 17 35 37 40 41 54 56 64 67 94 97 100 128 155 174
6 3 38 53 58 99 122
12 10 16 21 26 43 45 121 146 163 184 191 197
4 38 53 122 173
4 24 88 196 199
4 38 53 89 122
5 32 87 117 133 137
6 46 49 79 82 113 170
5 81 136 149 151 176
17 19 33 50 66 90 91 93 125 131 154 164 165 177 187 188 190 194
4 4 51 57 86
11 5 8 15 34 44 61 62 152 160 161 178
4 20 124 147 156
4 87 117 133 172
17 6 11 17 35 37 40 41 54 56 64 67 94 97 100 128 155 174
6 73 80 84 138 162 185
3 87 117 133
17 0 77 83 95 103 108 112 115 119 135 140 142 144 159 169 182 189
5 38 53 89 122 173
4 20 124 147 156
17 19 33 50 66 90 91 93 125 131 154 164 165 177 187 188 190 194
17 6 11 17 35 37 40 41 54 56 64 67 94 97 100 128 155 174
4 20 124 147 156
17 0 77 83 95 103 108 112 115 119 135 140 142 144 159 169 182 189
7 46 49 79 82 113 148 170
4 24 88 196 199
4 4 51 57 86
4 27 55 85 183
7 47 118 143 145 153 157 167
6 22 36 42 120 186 192
17 6 11 17 35 37 40 41 54 56 64 67 94 97 100 128 155 174
4 24 88 196 199
5 31 72 92 110 141
17 0 77 83 95 103 108 112 115 119 135 140 142 144 159 169 182 189
6 69 73 80 84 162 179
11 5 8 15 34 44 61 62 152 160 161 178
5 32 87 117 133 172
17 0 77 83 95 103 108 112 115 119 135 140 142 144 159 169 182 189
17 6 11 17 35 37 40 41 54 56 64 67 94 97 100 128 155 174
5 36 42 120 186 192
7 52 60 76 104 127 134 180
4 31 72 92 110
17 6 11 17 35 37 40 41 54 56 64 67 94 97 100 128 155 174
17 6 11 17 35 37 40 41 54 56 64 67 94 97 100 128 155 174
3 136 149 176
12 10 16 21 26 43 45 101 121 146 184 191 198
3 7 23 102
3 27 85 116
4 20 124 147 156
31 1 2 9 14 18 25 29 30 39 48 63 68 70 71 74 96 98 106 107 109 111 114 123 129 130 132 150 166 175 193 195
5 31 72 92 110 141
31 1 2 9 14 18 25 29 30 39 48 63 68 70 71 74 96 98 106 107 109 111 114 123 129 130 132 150 166 175 193 195
17 6 11 17 35 37 40 41 54 56 64 67 94 97 100 128 155 174
6 22 36 42 120 186 192
5 27 55 85 116 183
6 65 136 149 151 168 176
6 69 73 80 84 162 179
31 1 2 9 14 18 25 29 30 39 48 63 68 70 71 74 96 98 106 107 109 111 114 123 129 130 132 150 166 175 193 195
4 20 124 147 156
4 38 53 99 122
4 20 124 147 156
4 31 92 110 141
3 31 72 92
11 5 8 15 34 44 61 62 152 160 161 178
3 87 117 133
31 1 2 9 14 18 25 29 30 39 48 63 68 70 71 74 96 98 106 107 109 111 114 123 129 130 132 150 166 175 193 195
7 47 118 143 145 153 157 167
17 0 77 83 95 103 108 112 115 119 135 140 142 144 159 169 182 189
4 20 124 147 156
5 22 36 42 120 186
5 27 55 85 116 183
5 31 72 92 110 141
17 6 11 17 35 37 40 41 54 56 64 67 94 97 100 128 155 174
6 73 80 84 138 162 179
13 10 16 21 26 43 45 101 121 146 181 184 191 198
6 52 60 76 127 134 180
7 73 80 84 138 162 179 185
7 46 49 79 82 113 148 170
4 20 124 147 156
17 0 77 83 95 103 108 112 115 119 135 140 142 144 159 169 182 189
7 52 60 76 104 134 158 180
4 4 51 57 86
31 1 2 9 14 18 25 29 30 39 48 63 68 70 71 74 96 98 106 107 109 111 114 123 129 130 132 150 166 175 193 195
4 20 124 147 156
4 20 124 147 156
11 10 16 21 26 43 45 121 146 184 191 197
7 47 118 143 145 153 157 167
4 4 51 57 86
7 52 60 76 104 127 134 180
3 31 92 110
6 22 36 42 120 186 192
7 47 118 143 145 153 157 167
17 0 77 83 95 103 108 112 115 119 135 140 142 144 159 169 182 189
5 22 42 120 171 186
7 47 118 143 145 153 157 167
4 20 124 147 156
8 69 73 80 84 138 162 179 185
7 52 60 76 127 134 158 180
11 5 8 15 34 44 61 62 152 160 161 178
17 0 77 83 95 103 108 112 115 119 135 140 142 144 159 169 182 189
17 0 77 83 95 103 108 112 115 119 135 140 142 144 159 169 182 189
8 52 60 76 104 127 134 158 180
6 81 136 149 151 168 176
11 5 8 15 34 44 61 62 152 160 161 178
11 5 8 15 34 44 61 62 152 160 161 178
6 52 60 76 104 134 180
4 24 88 196 199
5 87 117 133 137 172
5 31 72 92 110 141
8 52 60 76 104 127 134 158 180
17 0 77 83 95 103 108 112 115 119 135 140 142 144 159 169 182 189
4 4 51 57 86
17 19 33 50 66 90 91 93 125 131 154 164 165 177 187 188 190 194
4 31 92 110 141
5 126 136 149 151 176
4 4 51 57 86
4 31 92 110 141
17 19 33 50 66 90 91 93 125 131 154 164 165 177 187 188 190 194
5 69 73 80 84 162
7 47 118 143 145 153 157 167
17 0 77 83 95 103 108 112 115 119 135 140 142 144 159 169 182 189
5 31 72 92 110 141
6 7 12 23 59 102 105
7 65 81 126 136 149 168 176
4 24 88 196 199
5 52 60 76 134 180
4 73 80 84 162
4 4 51 57 86
7 52 60 76 127 134 158 180
4 24 88 196 199
31 1 2 9 14 18 25 29 30 39 48 63 68 70 71 74 96 98 106 107 109 111 114 123 129 130 132 150 166 175 193 195
17 6 11 17 35 37 40 41 54 56 64 67 94 97 100 128 155 174
5 42 120 171 186 192
11 5 8 15 34 44 61 62 152 160 161 178
31 1 2 9 14 18 25 29 30 39 48 63 68 70 71 74 96 98 106 107 109 111 114 123 129 130 132 150 166 175 193 195
4 4 51 57 86
4 20 124 147 156
17 6 11 17 35 37 40 41 54 56 64 67 94 97 100 128 155 174
5 73 80 84 162 185
7 47 118 143 145 153 157 167
4 4 51 57 86
8 52 60 76 104 127 134 158 180
7 22 36 42 120 171 186 192
4 4 51 57 86
5 32 87 117 133 172
5 46 49 82 148 170
4 20 124 147 156
5 81 136 149 168 176
6 22 36 42 120 171 186
17 19 33 50 66 90 91 93 125 131 154 164 165 177 187 188 190 194
31 1 2 9 14 18 25 29 30 39 48 63 68 70 71 74 96 98 106 107 109 111 114 123 129 130 132 150 166 175 193 195
5 3 38 53 89 122
3 31 92 141
7 47 118 143 145 153 157 167
3 87 117 133
7 52 60 76 104 127 134 180
4 4 51 57 86
7 47 118 143 145 153 157 167
4 20 124 147 156
14 10 16 21 26 43 45 101 121 146 163 181 184 191 198
6 7 13 23 28 59 102
17 6 11 17 35 37 40 41 54 56 64 67 94 97 100 128 155 174
6 73 80 84 138 162 185
7 47 118 143 145 153 157 167
7 52 60 76 104 127 134 180
11 5 8 15 34 44 61 62 152 160 161 178
7 47 118 143 145 153 157 167
4 24 88 196 199
4 24 88 196 199
17 19 33 50 66 90 91 93 125 131 154 164 165 177 187 188 190 194
7 69 73 80 84 138 162 185
4 24 88 196 199
5 75 87 117 133 137
5 27 55 85 116 183
4 24 88 196 199
5 7 13 23 102 105
6 22 36 42 120 186 192
5 22 42 120 171 186
5 27 55 85 116 183
4 7 23 28 102
5 22 42 120 171 186
3 31 92 110
6 32 78 87 117 133 139
6 69 73 80 84 162 179
4 27 85 116 183
17 6 11 17 35 37 40 41 54 56 64 67 94 97 100 128 155 174
4 31 72 92 110
3 38 53 122
31 1 2 9 14 18 25 29 30 39 48 63 68 70 71 74 96 98 106 107 109 111 114 123 129 130 132 150 166 175 193 195
5 31 72 92 110 141
17 6 11 17 35 37 40 41 54 56 64 67 94 97 100 128 155 174
17 0 77 83 95 103 108 112 115 119 135 140 142 144 159 169 182 189
4 20 124 147 156
11 5 8 15 34 44 61 62 152 160 161 178
17 19 33 50 66 90 91 93 125 131 154 164 165 177 187 188 190 194
4 31 72 92 141
6 46 49 82 113 148 170
4 20 124 147 156
17 19 33 50 66 90 91 93 125 131 154 164 165 177 187 188 190 194
6 75 87 117 133 137 172
5 73 80 84 162 179
4 7 23 28 102
4 78 87 117 133
4 38 53 99 122
5 7 12 13 23 102
12 10 16 21 26 43 45 101 121 146 184 191 198
4 4 51 57 86
11 5 8 15 34 44 61 62 152 160 161 178
4 4 51 57 86
5 27 55 85 116 183
17 19 33 50 66 90 91 93 125 131 154 164 165 177 187 188 190 194
11 5 8 15 34 44 61 62 152 160 161 178
3 87 117 133
11 10 16 21 26 43 45 101 121 146 184 191
31 1 2 9 14 18 25 29 30 39 48 63 68 70 71 74 96 98 106 107 109 111 114 123 129 130 132 150 166 175 193 195
5 75 87 117 133 172
17 0 77 83 95 103 108 112 115 119 135 140 142 144 159 169 182 189
11 5 8 15 34 44 61 62 152 160 161 178
13 10 16 21 26 43 45 121 146 163 181 184 191 197
4 24 88 196 199
17 6 11 17 35 37 40 41 54 56 64 67 94 97 100 128 155 174
5 27 55 85 116 183
5 126 136 149 151 176
11 5 8 15 34 44 61 62 152 160 161 178
4 24 88 196 199
11 10 16 21 26 43 45 121 146 181 184 191
17 19 33 50 66 90 91 93 125 131 154 164 165 177 187 188 190 194
11 10 16 21 26 43 45 121 146 184 191 197
5 73 80 84 162 179
7 52 60 76 127 134 158 180
31 1 2 9 14 18 25 29 30 39 48 63 68 70 71 74 96 98 106 107 109 111 114 123 129 130 132 150 166 175 193 195
31 1 2 9 14 18 25 29 30 39 48 63 68 70 71 74 96 98 106 107 109 111 114 123 129 130 132 150 166 175 193 195
6 46 49 79 82 113 170
4 20 124 147 156
4 31 72 92 110
7 47 118 143 145 153 157 167
5 32 87 117 133 137
17 19 33 50 66 90 91 93 125 131 154 164 165 177 187 188 190 194
4 24 88 196 199
31 1 2 9 14 18 25 29 30 39 48 63 68 70 71 74 96 98 106 107 109 111 114 123 129 130 132 150 166 175 193 195
6 7 12 13 23 28 102
4 20 124 147 156
4 31 92 110 141
4 27 55 85 116
4 20 124 147 156
5 38 53 58 89 122
5 3 38 53 99 122
4 24 88 196 199
5 22 42 120 186 192
4 27 55 85 116
4 24 88 196 199
4 20 124 147 156
4 20 124 147 156
17 6 11 17 35 37 40 41 54 56 64 67 94 97 100 128 155 174
4 4 51 57 86
7 47 118 143 145 153 157 167
7 46 49 79 82 113 148 170
4 27 55 85 116
6 65 126 136 149 151 176
3 136 149 176
4 4 51 57 86
17 19 33 50 66 90 91 93 125 131 154 164 165 177 187 188 190 194
17 19 33 50 66 90 91 93 125 131 154 164 165 177 187 188 190 194
4 38 53 99 122
17 0 77 83 95 103 108 112 115 119 135 140 142 144 159 169 182 189
4 31 92 110 141
11 5 8 15 34 44 61 62 152 160 161 178
6 3 38 53 58 99 122
4 38 53 58 122
4 24 88 196 199
7 52 60 76 127 134 158 180
7 46 49 79 82 113 148 170
17 0 77 83 95 103 108 112 115 119 135 140 142 144 159 169 182 189
5 38 53 99 122 173
6 46 49 82 113 148 170
4 20 124 147 156
7 46 49 79 82 113 148 170
3 27 85 116
5 38 53 58 89 122
4 20 124 147 156
4 24 88 196 199
4 4 51 57 86
4 27 55 85 183
17 19 33 50 66 90 91 93 125 131 154 164 165 177 187 188 190 194
17 19 33 50 66 90 91 93 125 131 154 164 165 177 187 188 190 194
5 27 55 85 116 183
4 4 51 57 86
17 19 33 50 66 90 91 93 125 131 154 164 165 177 187 188 190 194
4 24 88 196 199
4 4 51 57 86
7 47 118 143 145 153 157 167
17 0 77 83 95 103 108 112 115 119 135 140 142 144 159 169 182 189
11 5 8 15 34 44 61 62 152 160 161 178
7 52 60 76 127 134 158 180
7 47 118 143 145 153 157 167
7 46 49 79 82 113 148 170
17 19 33 50 66 90 91 93 125 131 154 164 165 177 187 188 190 194
17 19 33 50 66 90 91 93 125 131 154 164 165 177 187 188 190 194
31 1 2 9 14 18 25 29 30 39 48 63 68 70 71 74 96 98 106 107 109 111 114 123 129 130 132 150 166 175 193 195
6 7 13 23 59 102 105
4 20 124 147 156
4 24 88 196 199
4 24 88 196 199
4 4 51 57 86
8 69 73 80 84 138 162 179 185
4 20 124 147 156
4 27 55 85 116
4 20 124 147 156
4 24 88 196 199
5 3 38 53 89 122
31 1 2 9 14 18 25 29 30 39 48 63 68 70 71 74 96 98 106 107 109 111 114 123 129 130 132 150 166 175 193 195
17 6 11 17 35 37 40 41 54 56 64 67 94 97 100 128 155 174
17 6 11 17 35 37 40 41 54 56 64 67 94 97 100 128 155 174
5 46 49 79 82 170
4 24 88 196 199
4 20 124 147 156
7 46 49 79 82 113 148 170
6 73 80 84 138 162 185
7 47 118 143 145 153 157 167
6 22 36 42 120 186 192
4 20 124 147 156
5 38 53 58 89 122
12 10 16 21 26 43 45 121 146 163 181 184 191
17 6 11 17 35 37 40 41 54 56 64 67 94 97 100 128 155 174
3 27 55 85
4 20 124 147 156
4 87 117 133 137
6 69 73 80 84 162 179
12 10 16 21 26 43 45 121 146 184 191 197 198
10 10 16 21 26 43 45 121 146 184 191
4 20 124 147 156
3 31 72 92
5 31 72 92 110 141
17 6 11 17 35 37 40 41 54 56 64 67 94 97 100 128 155 174
4 78 87 117 133
4 81 136 149 176
8 52 60 76 104 127 134 158 180
3 31 72 92
4 38 53 122 173
5 7 13 23 59 102
4 36 42 120 186
17 0 77 83 95 103 108 112 115 119 135 140 142 144 159 169 182 189
17 19 33 50 66 90 91 93 125 131 154 164 165 177 187 188 190 194
11 5 8 15 34 44 61 62 152 160 161 178
5 36 42 120 171 186
4 20 124 147 156
5 36 42 120 171 186
31 1 2 9 14 18 25 29 30 39 48 63 68 70 71 74 96 98 106 107 109 111 114 123 129 130 132 150 166 175 193 195
12 10 16 21 26 43 45 121 146 184 191 197 198
17 0 77 83 95 103 108 112 115 119 135 140 142 144 159 169 182 189
12 10 16 21 26 43 45 121 146 163 184 191 198
4 20 124 147 156
4 126 136 149 176
4 78 87 117 133
7 47 118 143 145 153 157 167
8 52 60 76 104 127 134 158 180
6 22 36 42 120 186 192
5 27 55 85 116 183
17 6 11 17 35 37 40 41 54 56 64 67 94 97 100 128 155 174
31 1 2 9 14 18 25 29 30 39 48 63 68 70 71 74 96 98 106 107 109 111 114 123 129 130 132 150 166 175 193 195
4 20 124 147 156
4 31 92 110 141
5 3 38 53 99 122
4 31 92 110 141
4 20 124 147 156
17 19 33 50 66 90 91 93 125 131 154 164 165 177 187 188 190 194
7 47 118 143 145 153 157 167
17 0 77 83 95 103 108 112 115 119 135 140 142 144 159 169 182 189
4 4 51 57 86
12 10 16 21 26 43 45 121 146 184 191 197 198
5 7 12 13 23 102
7 47 118 143 145 153 157 167
6 46 49 79 82 148 170
6 52 60 76 104 134 180
4 4 51 57 86
5 31 72 92 110 141
31 1 2 9 14 18 25 29 30 39 48 63 68 70 71 74 96 98 106 107 109 111 114 123 129 130 132 150 166 175 193 195
17 19 33 50 66 90 91 93 125 131 154 164 165 177 187 188 190 194
5 31 72 92 110 141
5 78 87 117 133 137
17 19 33 50 66 90 91 93 125 131 154 164 165 177 187 188 190 194
17 6 11 17 35 37 40 41 54 56 64 67 94 97 100 128 155 174
4 4 51 57 86
5 65 81 136 149 176
6 75 78 87 117 133 139
6 46 49 79 82 148 170
4 20 124 147 156
3 31 72 92
7 47 118 143 145 153 157 167
5 31 72 92 110 141
6 52 60 76 134 158 180
7 52 60 76 104 127 134 180
6 78 87 117 133 139 172
4 20 124 147 156
3 136 149 176
4 24 88 196 199
4 20 124 147 156
11 5 8 15 34 44 61 62 152 160 161 178
7 32 75 78 87 117 133 139
7 47 118 143 145 153 157 167
4 20 124 147 156
7 47 118 143 145 153 157 167
4 20 124 147 156
17 6 11 17 35 37 40 41 54 56 64 67 94 97 100 128 155 174
7 73 80 84 138 162 179 185
6 73 80 84 138 162 179
4 20 124 147 156
4 27 55 85 116
5 73 80 84 162 185
4 78 87 117 133
8 52 60 76 104 127 134 158 180
4 24 88 196 199
31 1 2 9 14 18 25 29 30 39 48 63 68 70 71 74 96 98 106 107 109 111 114 123 129 130 132 150 166 175 193 195
17 0 77 83 95 103 108 112 115 119 135 140 142 144 159 169 182 189
4 20 124 147 156
6 52 60 76 127 134 180
4 24 88 196 199
6 81 136 149 151 168 176
6 46 49 82 113 148 170
5 73 80 84 162 179
3 27 85 183
5 27 55 85 116 183
7 47 118 143 145 153 157 167
17 19 33 50 66 90 91 93 125 131 154 164 165 177 187 188 190 194
6 65 81 126 136 149 176
2 27 85
31 1 2 9 14 18 25 29 30 39 48 63 68 70 71 74 96 98 106 107 109 111 114 123 129 130 132 150 166 175 193 195
6 78 87 117 133 137 139
5 38 53 58 89 122
6 36 42 120 171 186 192
4 24 88 196 199
3 31 72 92
17 6 11 17 35 37 40 41 54 56 64 67 94 97 100 128 155 174
6 7 12 13 23 59 102
7 47 118 143 145 153 157 167
4 38 53 58 122
6 52 60 76 127 134 180
31 1 2 9 14 18 25 29 30 39 48 63 68 70 71 74 96 98 106 107 109 111 114 123 129 130 132 150 166 175 193 195
5 22 42 120 186 192
3 31 72 92
6 73 80 84 162 179 185
17 0 77 83 95 103 108 112 115 119 135 140 142 144 159 169 182 189
17 6 11 17 35 37 40 41 54 56 64 67 94 97 100 128 155 174
11 5 8 15 34 44 61 62 152 160 161 178
4 20 124 147 156
7 47 118 143 145 153 157 167
4 20 124 147 156
4 24 88 196 199
7 69 73 80 84 162 179 185
7 65 126 136 149 151 168 176
4 4 51 57 86
4 4 51 57 86
4 20 124 147 156
5 52 60 76 134 180
11 5 8 15 34 44 61 62 152 160 161 178
3 38 53 122
5 75 87 117 133 137
17 19 33 50 66 90 91 93 125 131 154 164 165 177 187 188 190 194
5 7 12 23 28 102
5 126 136 149 168 176
4 20 124 147 156
7 47 118 143 145 153 157 167
3 38 53 122
3 27 55 85
5 65 81 136 149 176
4 31 92 110 141
4 24 88 196 199
4 27 55 85 116
3 31 72 92
11 5 8 15 34 44 61 62 152 160 161 178
4 42 120 186 192
17 19 33 50 66 90 91 93 125 131 154 164 165 177 187 188 190 194
4 20 124 147 156
4 24 88 196 199
7 52 60 76 104 134 158 180
2 27 85
11 5 8 15 34 44 61 62 152 160 161 178
8 52 60 76 104 127 134 158 180
4 7 12 23 102
6 22 36 42 120 171 186
4 20 124 147 156
11 5 8 15 34 44 61 62 152 160 161 178
6 69 73 80 84 162 185
7 75 78 87 117 133 137 139
12 10 16 21 26 43 45 121 146 163 181 184 191
5 7 23 28 59 102
12 10 16 21 26 43 45 101 121 146 163 184 191
17 0 77 83 95 103 108 112 115 119 135 140 142 144 159 169 182 189
17 0 77 83 95 103 108 112 115 119 135 140 142 144 159 169 182 189
5 69 73 80 84 162
3 7 23 102
5 22 42 120 171 186
5 31 72 92 110 141
4 20 124 147 156
4 7 12 23 102
5 32 87 117 133 172
4 20 124 147 156
7 47 118 143 145 153 157 167
3 27 85 183
17 0 77 83 95 103 108 112 115 119 135 140 142 144 159 169 182 189
6 3 38 53 89 122 173
5 46 49 82 148 170
7 46 49 79 82 113 148 170
7 46 49 79 82 113 148 170
31 1 2 9 14 18 25 29 30 39 48 63 68 70 71 74 96 98 106 107 109 111 114 123 129 130 132 150 166 175 193 195
6 7 12 13 23 102 105
7 22 36 42 120 171 186 192
17 6 11 17 35 37 40 41 54 56 64 67 94 97 100 128 155 174
17 0 77 83 95 103 108 112 115 119 135 140 142 144 159 169 182 189
4 24 88 196 199
5 38 53 58 122 173
5 73 80 84 162 185
11 10 16 21 26 43 45 121 146 181 184 191
6 46 49 82 113 148 170
4 4 51 57 86
5 73 80 84 162 179
17 0 77 83 95 103 108 112 115 119 135 140 142 144 159 169 182 189
31 1 2 9 14 18 25 29 30 39 48 63 68 70 71 74 96 98 106 107 109 111 114 123 129 130 132 150 166 175 193 195
4 42 120 186 192
13 10 16 21 26 43 45 121 146 163 181 184 191 197
4 20 124 147 156
5 38 53 89 99 122
4 20 124 147 156
4 27 55 85 183
17 19 33 50 66 90 91 93 125 131 154 164 165 177 187 188 190 194
4 4 51 57 86
17 19 33 50 66 90 91 93 125 131 154 164 165 177 187 188 190 194
12 10 16 21 26 43 45 121 146 163 184 191 198
11 5 8 15 34 44 61 62 152 160 161 178
17 6 11 17 35 37 40 41 54 56 64 67 94 97 100 128 155 174
5 75 87 117 133 139
11 10 16 21 26 43 45 101 121 146 184 191
4 136 149 168 176
7 52 60 76 104 134 158 180
4 20 124 147 156
7 52 60 76 127 134 158 180
7 47 118 143 145 153 157 167
4 27 55 85 116
5 27 55 85 116 183
11 5 8 15 34 44 61 62 152 160 161 178
17 19 33 50 66 90 91 93 125 131 154 164 165 177 187 188 190 194
3 7 23 102
11 10 16 21 26 43 45 101 121 146 184 191
11 10 16 21 26 43 45 121 146 181 184 191
7 52 60 76 104 134 158 180
4 24 88 196 199
4 20 124 147 156
7 52 60 76 104 134 158 180
3 27 85 183
4 4 51 57 86
7 52 60 76 104 127 134 180
4 20 124 147 156
4 24 88 196 199
5 136 149 151 168 176
4 4 51 57 86
4 38 53 58 122
4 24 88 196 199
4 78 87 117 133
14 10 16 21 26 43 45 101 121 146 181 184 191 197 198
5 27 55 85 116 183
5 69 73 80 84 162
6 52 60 76 134 158 180
11 5 8 15 34 44 61 62 152 160 161 178
3 27 85 116
11 5 8 15 34 44 61 62 152 160 161 178
7 47 118 143 145 153 157 167
4 4 51 57 86
8 52 60 76 104 127 134 158 180
4 20 124 147 156
6 32 75 87 117 133 137
4 31 92 110 141
4 4 51 57 86
4 81 136 149 176
7 47 118 143 145 153 157 167
3 31 92 110
5 7 23 28 102 105
4 87 117 133 172
4 36 42 120 186
5 46 49 82 148 170
4 20 124 147 156
7 47 118 143 145 153 157 167
7 47 118 143 145 153 157 167
8 52 60 76 104 127 134 158 180
11 5 8 15 34 44 61 62 152 160 161 178
7 52 60 76 104 127 134 180
4 27 55 85 183
7 52 60 76 127 134 158 180
5 31 72 92 110 141
17 6 11 17 35 37 40 41 54 56 64 67 94 97 100 128 155 174
17 6 11 17 35 37 40 41 54 56 64 67 94 97 100 128 155 174
6 73 80 84 138 162 179
7 47 118 143 145 153 157 167
17 19 33 50 66 90 91 93 125 131 154 164 165 177 187 188 190 194
4 4 51 57 86
3 38 53 122
4 4 51 57 86
31 1 2 9 14 18 25 29 30 39 48 63 68 70 71 74 96 98 106 107 109 111 114 123 129 130 132 150 166 175 193 195
4 4 51 57 86
5 27 55 85 116 183
7 47 118 143 145 153 157 167
6 69 73 80 84 162 185
7 47 118 143 145 153 157 167
7 52 60 76 104 127 134 180
7 47 118 143 145 153 157 167
11 10 16 21 26 43 45 121 146 184 191 197
17 6 11 17 35 37 40 41 54 56 64 67 94 97 100 128 155 174
17 6 11 17 35 37 40 41 54 56 64 67 94 97 100 128 155 174
4 20 124 147 156
5 31 72 92 110 141
11 10 16 21 26 43 45 121 146 181 184 191
10 10 16 21 26 43 45 121 146 184 191
31 1 2 9 14 18 25 29 30 39 48 63 68 70 71 74 96 98 106 107 109 111 114 123 129 130 132 150 166 175 193 195
6 69 73 80 84 162 185
5 27 55 85 116 183
4 3 38 53 122
4 24 88 196 199
4 73 80 84 162
17 0 77 83 95 103 108 112 115 119 135 140 142 144 159 169 182 189
6 46 49 79 82 148 170
17 19 33 50 66 90 91 93 125 131 154 164 165 177 187 188 190 194
17 0 77 83 95 103 108 112 115 119 135 140 142 144 159 169 182 189
17 0 77 83 95 103 108 112 115 119 135 140 142 144 159 169 182 189
6 22 36 42 120 186 192
7 38 53 58 89 99 122 173
5 27 55 85 116 183
4 42 120 186 192
8 69 73 80 84 138 162 179 185
7 69 73 80 84 162 179 185
7 7 12 23 28 59 102 105
3 27 55 85
5 46 49 82 148 170
4 20 124 147 156
31 1 2 9 14 18 25 29 30 39 48 63 68 70 71 74 96 98 106 107 109 111 114 123 129 130 132 150 166 175 193 195
4 4 51 57 86
7 3 38 53 58 89 99 122
7 46 49 79 82 113 148 170
4 31 92 110 141
4 4 51 57 86
4 4 51 57 86
4 24 88 196 199
5 31 72 92 110 141
5 46 49 82 148 170
5 7 13 23 28 102
5 3 38 53 89 122
7 47 118 143 145 153 157 167
6 46 49 79 82 113 170
12 10 16 21 26 43 45 101 121 146 163 184 191
4 24 88 196 199
3 38 53 122
3 27 85 116
3 38 53 122
7 52 60 76 104 134 158 180
17 6 11 17 35 37 40 41 54 56 64 67 94 97 100 128 155 174
6 75 78 87 117 133 137
5 7 13 23 102 105
6 46 49 82 113 148 170
4 20 124 147 156
4 24 88 196 199
13 10 16 21 26 43 45 121 146 181 184 191 197 198
6 46 49 82 113 148 170
4 24 88 196 199
4 20 124 147 156
4 20 124 147 156
11 10 16 21 26 43 45 121 146 184 191 197
11 5 8 15 34 44 61 62 152 160 161 178
4 65 136 149 176
4 136 149 151 176
17 0 77 83 95 103 108 112 115 119 135 140 142 144 159 169 182 189
6 36 42 120 171 186 192
7 52 60 76 104 134 158 180
4 136 149 168 176
4 38 53 99 122
4 20 124 147 156
31 1 2 9 14 18 25 29 30 39 48 63 68 70 71 74 96 98 106 107 109 111 114 123 129 130 132 150 166 175 193 195
17 19 33 50 66 90 91 93 125 131 154 164 165 177 187 188 190 194
31 1 2 9 14 18 25 29 30 39 48 63 68 70 71 74 96 98 106 107 109 111 114 123 129 130 132 150 166 175 193 195
17 6 11 17 35 37 40 41 54 56 64 67 94 97 100 128 155 174
5 73 80 84 138 162
5 22 42 120 171 186
4 27 85 116 183
17 0 77 83 95 103 108 112 115 119 135 140 142 144 159 169 182 189
11 5 8 15 34 44 61 62 152 160 161 178
4 4 51 57 86
4 20 124 147 156
4 136 149 151 176
12 10 16 21 26 43 45 101 121 146 184 191 198
4 20 124 147 156
3 31 92 141
7 3 38 53 58 89 122 173
4 31 92 110 141
4 20 124 147 156
17 6 11 17 35 37 40 41 54 56 64 67 94 97 100 128 155 174
6 3 38 53 99 122 173
4 31 72 92 141
4 31 92 110 141
4 31 92 110 141
4 7 23 59 102
3 27 85 116
4 32 87 117 133
7 47 118 143 145 153 157 167
5 27 55 85 116 183
4 27 55 85 183
5 27 55 85 116 183
6 32 78 87 117 133 172
6 73 80 84 138 162 179
4 4 51 57 86
4 4 51 57 86
4 7 13 23 102
17 0 77 83 95 103 108 112 115 119 135 140 142 144 159 169 182 189
4 20 124 147 156
3 42 120 186
6 46 49 79 82 148 170
11 10 16 21 26 43 45 121 146 163 184 191
7 47 118 143 145 153 157 167
4 24 88 196 199
7 65 126 136 149 151 168 176
4 20 124 147 156
5 42 120 171 186 192
5 3 38 53 122 173
31 1 2 9 14 18 25 29 30 39 48 63 68 70 71 74 96 98 106 107 109 111 114 123 129 130 132 150 166 175 193 195
31 1 2 9 14 18 25 29 30 39 48 63 68 70 71 74 96 98 106 107 109 111 114 123 129 130 132 150 166 175 193 195
7 69 73 80 84 138 162 179
5 27 55 85 116 183
5 46 49 82 148 170
4 20 124 147 156
4 31 72 92 110
4 136 149 168 176
7 47 118 143 145 153 157 167
4 27 55 85 116
4 20 124 147 156
11 10 16 21 26 43 45 101 121 146 184 191
4 32 87 117 133
7 47 118 143 145 153 157 167
31 1 2 9 14 18 25 29 30 39 48 63 68 70 71 74 96 98 106 107 109 111 114 123 129 130 132 150 166 175 193 195
4 24 88 196 199
7 47 118 143 145 153 157 167
6 22 36 42 120 186 192
8 52 60 76 104 127 134 158 180
3 31 92 110
4 20 124 147 156
17 19 33 50 66 90 91 93 125 131 154 164 165 177 187 188 190 194
6 22 42 120 171 186 192
3 27 85 116
17 19 33 50 66 90 91 93 125 131 154 164 165 177 187 188 190 194
31 1 2 9 14 18 25 29 30 39 48 63 68 70 71 74 96 98 106 107 109 111 114 123 129 130 132 150 166 175 193 195
6 7 12 23 59 102 105
7 7 13 23 28 59 102 105
12 10 16 21 26 43 45 101 121 146 184 191 198
17 6 11 17 35 37 40 41 54 56 64 67 94 97 100 128 155 174
4 20 124 147 156
5 73 80 84 138 162
4 20 124 147 156
4 36 42 120 186
6 3 38 53 99 122 173
3 31 92 141
4 4 51 57 86
6 73 80 84 138 162 179
11 10 16 21 26 43 45 121 146 163 184 191
3 31 92 141
4 20 124 147 156
5 46 49 82 113 170
5 46 49 79 82 170
4 4 51 57 86
31 1 2 9 14 18 25 29 30 39 48 63 68 70 71 74 96 98 106 107 109 111 114 123 129 130 132 150 166 175 193 195
4 87 117 133 172
4 24 88 196 199
5 31 72 92 110 141
11 5 8 15 34 44 61 62 152 160 161 178
7 47 118 143 145 153 157 167
4 4 51 57 86
11 5 8 15 34 44 61 62 152 160 161 178
17 19 33 50 66 90 91 93 125 131 154 164 165 177 187 188 190 194
31 1 2 9 14 18 25 29 30 39 48 63 68 70 71 74 96 98 106 107 109 111 114 123 129 130 132 150 166 175 193 195
4 4 51 57 86
4 38 53 99 122
4 24 88 196 199
11 5 8 15 34 44 61 62 152 160 161 178
17 19 33 50 66 90 91 93 125 131 154 164 165 177 187 188 190 194
4 4 51 57 86
31 1 2 9 14 18 25 29 30 39 48 63 68 70 71 74 96 98 106 107 109 111 114 123 129 130 132 150 166 175 193 195
3 38 53 122
6 3 38 53 58 122 173
5 3 38 53 58 122
4 31 92 110 141
4 24 88 196 199
6 46 49 79 82 148 170
7 52 60 76 127 134 158 180
11 5 8 15 34 44 61 62 152 160 161 178
7 52 60 76 104 127 134 180
5 32 75 87 117 133
31 1 2 9 14 18 25 29 30 39 48 63 68 70 71 74 96 98 106 107 109 111 114 123 129 130 132 150 166 175 193 195
7 52 60 76 127 134 158 180
4 24 88 196 199
4 87 117 133 137
11 5 8 15 34 44 61 62 152 160 161 178
17 19 33 50 66 90 91 93 125 131 154 164 165 177 187 188 190 194
4 27 85 116 183
4 32 87 117 133
31 1 2 9 14 18 25 29 30 39 48 63 68 70 71 74 96 98 106 107 109 111 114 123 129 130 132 150 166 175 193 195
17 6 11 17 35 37 40 41 54 56 64 67 94 97 100 128 155 174
17 19 33 50 66 90 91 93 125 131 154 164 165 177 187 188 190 194
7 47 118 143 145 153 157 167
3 38 53 122
17 0 77 83 95 103 108 112 115 119 135 140 142 144 159 169 182 189
4 20 124 147 156
17 19 33 50 66 90 91 93 125 131 154 164 165 177 187 188 190 194
6 36 42 120 171 186 192
17 6 11 17 35 37 40 41 54 56 64 67 94 97 100 128 155 174
17 6 11 17 35 37 40 41 54 56 64 67 94 97 100 128 155 174
5 7 13 23 59 102
4 4 51 57 86
17 6 11 17 35 37 40 41 54 56 64 67 94 97 100 128 155 174
4 20 124 147 156
31 1 2 9 14 18 25 29 30 39 48 63 68 70 71 74 96 98 106 107 109 111 114 123 129 130 132 150 166 175 193 195
17 6 11 17 35 37 40 41 54 56 64 67 94 97 100 128 155 174
3 31 92 110
7 47 118 143 145 153 157 167
4 24 88 196 199
4 4 51 57 86
7 47 118 143 145 153 157 167
4 20 124 147 156
17 0 77 83 95 103 108 112 115 119 135 140 142 144 159 169 182 189
17 6 11 17 35 37 40 41 54 56 64 67 94 97 100 128 155 174
4 42 120 171 186
11 5 8 15 34 44 61 62 152 160 161 178
4 20 124 147 156
3 38 53 122
6 46 49 82 113 148 170
5 31 72 92 110 141
4 20 124 147 156
4 31 92 110 141
4 126 136 149 176
17 0 77 83 95 103 108 112 115 119 135 140 142 144 159 169 182 189
17 0 77 83 95 103 108 112 115 119 135 140 142 144 159 169 182 189
5 42 120 171 186 192
4 7 13 23 102
4 24 88 196 199
4 27 85 116 183
5 75 87 117 133 139
12 10 16 21 26 43 45 101 121 146 163 184 191
6 81 126 136 149 168 176
4 4 51 57 86
4 20 124 147 156
7 47 118 143 145 153 157 167
3 38 53 122
7 52 60 76 104 134 158 180
4 27 55 85 116
7 47 118 143 145 153 157 167
7 47 118 143 145 153 157 167
4 75 87 117 133
6 22 36 42 120 171 186
31 1 2 9 14 18 25 29 30 39 48 63 68 70 71 74 96 98 106 107 109 111 114 123 129 130 132 150 166 175 193 195
7 47 118 143 145 153 157 167
17 6 11 17 35 37 40 41 54 56 64 67 94 97 100 128 155 174
17 0 77 83 95 103 108 112 115 119 135 140 142 144 159 169 182 189
4 20 124 147 156
7 47 118 143 145 153 157 167
17 0 77 83 95 103 108 112 115 119 135 140 142 144 159 169 182 189
6 46 49 79 82 148 170
17 19 33 50 66 90 91 93 125 131 154 164 165 177 187 188 190 194
4 4 51 57 86
7 47 118 143 145 153 157 167
4 31 72 92 110
4 20 124 147 156
7 47 118 143 145 153 157 167
4 20 124 147 156
7 47 118 143 145 153 157 167
11 5 8 15 34 44 61 62 152 160 161 178
4 27 55 85 116
5 27 55 85 116 183
5 7 12 23 28 102
6 46 49 79 82 113 170
3 27 55 85
7 52 60 76 104 127 134 180
14 10 16 21 26 43 45 101 121 146 163 181 184 191 198
4 136 149 151 176
6 46 49 79 82 148 170
17 6 11 17 35 37 40 41 54 56 64 67 94 97 100 128 155 174
4 27 55 85 116
5 27 55 85 116 183
4 4 51 57 86
5 36 42 120 171 186
4 4 51 57 86
11 5 8 15 34 44 61 62 152 160 161 178
4 24 88 196 199
17 0 77 83 95 103 108 112 115 119 135 140 142 144 159 169 182 189
13 10 16 21 26 43 45 101 121 146 163 181 184 191
5 75 78 87 117 133
4 7 12 23 102
13 10 16 21 26 43 45 101 121 146 163 181 184 191
5 42 120 171 186 192
4 87 117 133 137
17 0 77 83 95 103 108 112 115 119 135 140 142 144 159 169 182 189
5 22 42 120 186 192
4 4 51 57 86
31 1 2 9 14 18 25 29 30 39 48 63 68 70 71 74 96 98 106 107 109 111 114 123 129 130 132 150 166 175 193 195
0 55 88 111 129 143 156 166 176 184 192 199 205 211 217 222 227 231 236 240 244 247 251 254 258 261 264 267 269 272 275 277 280 282 284 287 289 291 293 295 297 299 301 303 305 306 308 310 311 313
