14 3 150 6 1000 15000
10 9 24 37 39 47 77 87 93 117 141
7 28 34 59 84 127 133 137
8 6 8 57 73 105 112 122 135
11 11 13 33 45 52 60 70 75 82 114 147
13 6 27 42 57 81 99 105 112 115 119 122 135 141
11 19 22 41 51 64 83 85 106 118 121 139
8 1 38 68 78 86 91 140 146
8 14 24 37 38 47 87 95 117
6 68 78 86 91 140 146
11 6 8 17 48 57 66 105 112 115 122 135
10 6 31 42 56 57 74 105 112 122 135
8 28 34 50 59 127 132 137 148
8 9 24 37 47 87 95 101 117
8 10 18 69 85 96 100 103 145
9 17 57 99 105 112 114 115 122 135
10 2 19 22 41 83 106 118 121 125 139
9 2 19 41 49 51 83 121 125 139
7 3 25 77 80 94 111 113
7 13 33 45 70 75 82 103
11 2 19 22 41 61 72 83 106 121 125 139
9 25 27 29 78 86 91 140 143 146
8 1 27 78 86 91 140 146 147
8 12 16 30 36 90 92 133 142
11 29 31 68 78 86 89 91 92 140 143 146
12 24 37 39 44 47 54 87 93 95 101 117 118
9 24 37 39 47 87 95 101 117 141
8 11 33 45 66 70 75 82 114
8 10 18 43 69 85 103 145 147
10 13 33 44 45 51 60 70 75 82 95
11 5 14 40 53 55 72 76 97 120 123 131
10 19 22 38 41 49 64 83 118 121 139
8 15 25 71 77 80 104 111 113
7 13 33 45 70 74 75 82
8 3 25 77 79 80 111 113 130
9 10 18 53 63 69 85 103 145 147
8 57 99 105 112 122 125 130 135
9 1 27 31 78 86 89 91 140 146
9 25 34 71 77 80 104 111 113 143
12 12 26 30 36 37 78 90 92 109 116 126 128
9 24 37 38 47 87 95 114 117 132
10 12 15 26 30 36 54 90 92 136 138
8 28 34 38 48 59 127 132 137
9 33 45 60 70 75 82 114 129 134
10 7 11 33 45 70 75 82 119 129 134
8 24 37 47 87 101 117 120 141
9 5 53 76 87 97 102 123 124 131
8 11 24 37 39 47 87 93 117
13 10 18 39 63 66 69 85 96 100 103 136 145 147
10 5 10 18 23 43 69 85 98 103 145
10 7 13 33 44 45 52 70 75 82 95
14 7 20 28 34 48 59 62 127 130 133 137 144 148 149
7 0 12 30 36 90 92 126
8 11 33 45 52 70 75 82 108
6 25 72 77 80 111 113
7 9 24 37 47 87 89 117
11 27 29 31 68 78 86 89 91 140 143 146
9 0 3 12 30 36 90 92 116 138
7 32 33 45 70 74 75 82
9 27 68 78 86 91 129 140 143 146
9 19 22 41 49 83 118 121 139 148
11 1 29 67 68 78 86 89 91 140 143 146
8 8 42 57 102 105 112 122 135
7 24 37 47 87 101 117 141
8 25 50 60 71 77 80 111 113
8 7 33 45 70 75 82 114 134
12 6 8 42 57 73 81 99 105 112 115 122 135
5 33 45 70 75 82
8 10 18 69 85 100 103 145 147
11 1 24 37 38 47 87 101 117 138 141 147
9 10 18 22 66 69 85 100 103 145
9 5 14 53 70 76 97 123 124 131
10 2 19 22 41 49 51 83 84 121 139
7 5 14 53 97 102 123 131
11 2 19 41 51 69 83 93 103 118 121 139
11 1 31 67 78 86 89 91 121 140 143 146
8 31 52 78 86 89 91 140 146
6 57 78 105 112 122 135
9 1 29 31 78 86 89 91 140 146
8 19 41 47 64 83 118 121 139
11 5 44 53 61 76 97 120 123 124 128 131
8 5 53 55 61 97 123 124 131
6 10 18 85 103 119 145
9 31 68 78 86 89 91 140 143 146
8 17 57 81 105 112 115 122 135
10 25 46 71 77 79 80 94 110 111 113
10 1 27 29 67 78 86 91 136 140 146
10 10 18 23 26 43 85 98 100 103 145
9 15 21 25 46 77 80 94 111 113
9 5 52 53 55 61 76 97 123 131
10 27 68 78 86 89 91 132 140 143 146
10 67 68 78 86 89 91 101 140 143 146
10 3 25 71 72 77 79 80 94 111 113
8 17 28 34 35 58 59 127 137
9 10 18 43 63 66 85 100 103 145
10 1 27 29 31 68 78 86 91 140 146
9 10 33 45 60 70 75 82 119 134
8 33 45 70 74 75 82 114 119
11 6 8 42 55 57 73 105 112 115 122 135
9 24 37 38 47 87 93 95 115 117
7 19 41 49 83 121 125 139
8 5 38 40 53 55 97 123 131
8 5 53 55 61 97 123 124 131
9 24 37 39 47 87 101 105 117 141
11 7 13 33 45 70 75 82 107 108 119 129
8 12 16 30 35 36 90 92 138
9 21 25 77 79 80 111 113 125 131
8 8 57 99 105 112 115 122 135
10 12 26 30 36 90 92 109 126 138 142
9 20 28 32 34 35 59 105 127 137
9 2 19 22 41 49 83 106 121 139
12 0 9 24 37 38 39 44 47 87 93 117 141
12 3 21 25 46 50 71 77 79 80 104 111 113
8 24 37 39 47 87 95 117 141
5 12 30 36 90 92
10 2 13 19 41 83 90 106 121 125 139
8 10 18 63 85 96 99 103 145
8 8 57 73 105 112 115 122 135
8 25 36 77 80 104 111 113 145
9 5 14 53 97 102 120 123 124 131
12 6 8 17 57 61 73 99 105 112 122 135 137
8 28 34 59 62 127 132 137 144
9 19 22 41 64 83 106 118 121 139
14 10 18 23 28 43 63 66 69 85 98 99 103 145 147
9 0 12 16 30 36 65 90 92 136
12 10 18 23 37 43 46 85 88 98 100 103 145
8 5 12 30 36 67 90 92 140
8 12 30 36 54 65 87 90 92
8 24 37 39 47 87 117 140 144
7 19 22 41 69 83 121 139
12 6 8 35 56 57 80 81 105 112 115 122 135
10 42 57 67 73 81 105 112 115 122 135
9 24 37 39 44 47 87 93 117 141
10 5 53 55 76 88 97 120 123 131 136
9 6 17 56 57 99 105 112 122 135
11 10 18 23 43 66 69 76 85 103 145 147
12 10 14 18 42 52 74 85 96 98 100 103 145
10 17 57 73 79 81 99 105 112 122 135
8 4 12 30 36 90 92 109 128
8 24 25 37 47 87 93 101 117
8 25 65 71 77 80 94 111 113
9 13 33 36 45 70 75 82 90 108
8 5 40 52 53 71 97 123 131
8 19 41 49 64 83 110 121 139
6 0 12 30 36 90 92
10 10 18 23 63 85 96 98 100 103 145
7 28 34 35 59 127 137 144
9 11 33 45 70 75 82 114 119 135
10 1 27 29 68 78 86 91 140 143 146
8 10 78 86 89 91 104 140 146
8 11 33 45 60 70 75 82 134
5 19 41 83 121 139
8 17 42 57 67 105 112 122 135
8 28 34 48 59 127 137 144 148
12 1 29 31 67 68 78 79 86 89 91 140 146
10 20 28 34 59 88 127 132 137 144 148
5 25 77 80 111 113
7 6 10 18 43 85 103 145
8 19 41 64 83 118 121 125 139
8 4 12 30 36 54 90 92 116
10 1 27 29 78 86 89 91 140 143 146
10 9 24 37 47 60 87 95 101 117 141
7 2 19 41 83 121 125 139
9 5 9 40 53 55 97 102 123 131
7 28 34 59 127 130 137 148
9 5 14 53 55 97 120 123 124 131
13 4 7 12 16 30 36 44 82 90 92 126 136 142
5 12 30 36 90 92
11 15 21 25 71 77 79 80 94 111 113 118
10 17 56 57 99 105 112 115 122 135 141
6 28 32 34 59 127 137
13 7 33 45 52 60 63 70 75 82 114 119 129 134
11 27 29 31 52 78 86 89 91 101 140 146
8 9 28 34 35 48 59 127 137
8 10 18 72 85 96 100 103 145
7 19 22 41 83 121 125 139
11 5 9 14 40 53 89 97 100 120 123 131
9 20 24 37 39 47 87 93 117 141
10 19 22 41 49 51 83 114 118 121 139
11 11 12 33 40 45 70 74 75 82 107 119
10 3 25 46 50 71 77 80 104 111 113
6 10 18 85 103 145 149
10 19 41 49 83 106 118 121 125 138 139
10 3 15 22 25 26 71 77 80 111 113
6 15 33 45 70 75 82
9 24 37 39 47 78 87 95 101 117
10 10 18 20 23 63 85 98 103 106 145
9 9 24 37 39 44 47 62 87 117
8 29 31 78 86 91 140 143 146
8 21 28 34 59 84 127 130 137
8 8 53 57 101 105 112 122 135
9 25 50 72 77 80 104 111 113 141
7 24 37 38 47 87 117 141
9 5 40 53 97 102 120 123 131 146
8 3 13 33 45 70 74 75 82
8 12 30 36 90 92 109 126 142
11 13 33 42 45 49 67 70 75 82 106 107
7 33 45 60 70 75 82 107
8 28 34 58 59 84 127 130 137
7 25 72 77 80 104 111 113
11 7 33 37 45 49 70 75 82 108 114 134
7 10 18 63 85 100 103 145
9 28 32 34 58 59 72 127 137 148
10 24 37 38 47 64 87 93 95 101 117
9 10 18 66 81 85 100 103 145 147
7 5 53 97 120 123 124 131
9 10 24 31 32 37 38 47 87 117
11 3 15 25 72 77 80 94 104 111 113 140
10 5 10 18 63 69 85 98 103 145 147
9 11 33 45 70 75 82 107 108 114
10 7 33 45 60 70 75 82 107 114 119
9 6 42 57 65 105 112 115 122 135
10 10 18 53 63 66 85 96 98 103 145
8 12 30 36 90 92 110 126 149
13 8 17 42 57 73 91 99 105 112 115 122 128 135
12 3 25 46 66 71 77 80 89 110 111 112 113
9 28 34 39 59 127 130 133 137 149
8 1 13 33 45 70 75 82 114
13 6 17 49 57 73 81 105 112 122 126 128 133 135
12 25 26 46 50 71 72 77 79 80 95 111 113
7 21 25 28 77 80 111 113
7 25 50 71 77 80 111 113
5 78 86 91 140 146
10 10 18 43 63 66 80 85 98 103 145
8 11 33 45 70 75 82 107 114
9 21 25 77 79 80 89 104 111 113
9 19 41 63 72 83 86 121 125 139
10 2 19 41 51 83 106 121 125 135 139
13 20 28 34 45 48 59 84 88 121 127 137 144 149
8 5 14 52 53 97 123 124 131
7 25 50 77 80 104 111 113
13 2 19 26 41 49 51 64 72 83 84 121 138 139
9 3 4 13 33 45 70 74 75 82
9 42 56 57 105 112 115 122 135 141
7 10 18 43 85 103 145 147
7 57 73 105 112 115 122 135
8 0 12 30 36 90 92 109 128
10 5 53 61 76 97 109 110 120 123 131
8 5 7 42 53 97 103 123 131
9 19 22 23 41 49 83 118 121 139
6 24 37 47 87 117 141
10 10 18 43 57 63 85 96 103 145 147
6 18 25 77 80 111 113
9 10 18 23 63 66 85 98 103 145
9 15 25 46 69 77 80 94 111 113
7 19 41 83 121 125 139 147
11 3 10 18 43 63 75 85 98 103 145 147
6 78 86 89 91 140 146
12 4 12 16 30 36 54 90 92 105 109 110 142
10 28 32 34 59 63 68 84 94 127 137
8 17 56 57 81 105 112 122 135
7 5 12 30 36 90 92 138
12 15 20 28 34 54 59 62 84 88 127 133 137
9 9 24 37 47 87 95 101 117 134
7 0 12 30 36 43 90 92
7 25 46 72 77 80 111 113
7 24 37 38 39 47 87 117
6 12 30 36 66 90 92
8 11 33 40 45 70 75 82 134
7 10 18 64 85 103 145 147
9 10 12 18 43 46 63 85 103 145
9 17 42 57 81 99 105 112 122 135
8 5 21 53 76 97 123 124 131
10 21 25 50 77 79 80 91 94 111 113
7 21 25 46 77 80 111 113
9 10 18 23 75 85 96 103 145 147
6 67 78 86 91 140 146
9 12 30 36 65 90 92 110 116 138
14 5 14 35 40 53 55 61 76 97 102 123 124 131 137
9 1 31 68 78 86 89 91 140 146
12 3 15 21 25 40 46 47 77 79 80 111 113
10 10 18 60 63 69 85 100 103 113 145
10 6 7 17 42 57 73 105 112 122 135
10 28 34 35 59 62 79 88 127 137 148
10 5 14 53 55 76 97 102 123 124 131
9 10 18 66 69 85 96 100 103 145
11 0 12 16 30 36 90 92 109 110 138 142
9 12 30 36 65 90 92 116 126 138
9 10 18 66 85 98 103 133 145 147
9 8 42 57 99 105 112 115 122 135
8 19 41 49 51 83 112 121 139
9 42 56 57 73 84 105 112 122 135
12 1 3 15 25 32 71 72 77 79 80 111 113
10 25 50 71 72 77 79 80 104 111 113
8 1 5 14 53 97 102 123 131
6 24 37 47 87 115 117
10 6 8 42 57 73 99 105 112 122 135
8 25 46 77 79 80 104 111 113
12 5 40 53 55 61 76 95 97 120 123 130 131
9 12 26 30 36 54 90 92 138 142
11 24 37 38 39 47 52 87 95 115 117 141
10 15 25 33 71 77 80 94 104 111 113
8 5 14 53 56 61 97 123 131
8 7 10 18 69 85 103 145 147
8 19 41 83 100 118 120 121 139
8 10 18 21 66 81 85 103 145
9 24 37 39 47 87 95 101 117 141
7 5 53 97 102 113 123 131
10 4 6 12 26 30 32 36 70 90 92
7 13 33 45 51 70 75 82
9 2 19 41 49 64 83 106 121 139
9 31 68 78 86 91 140 143 146 149
7 11 33 45 70 75 82 134
9 10 11 18 66 69 85 103 145 147
8 9 24 37 44 47 87 117 141
8 11 22 33 45 52 70 75 82
9 24 37 39 47 87 91 95 101 117
9 33 45 52 70 73 75 82 108 119
11 7 33 45 52 70 75 82 108 119 129 134
7 19 41 83 94 121 125 139
10 24 37 38 39 44 47 87 93 101 117
8 19 27 41 77 83 118 121 139
6 33 45 70 75 82 129
9 27 28 32 34 59 62 84 127 137
10 10 18 23 45 63 66 85 98 103 145
9 5 14 53 55 61 76 97 123 131
10 10 18 27 43 69 85 98 103 145 147
10 0 12 16 30 35 36 90 92 109 110
11 25 50 52 77 80 94 104 111 113 128 129
7 33 45 52 70 75 82 114
10 20 28 34 59 60 88 123 127 133 137
9 5 28 40 53 97 102 123 124 131
8 19 41 43 64 83 106 121 139
11 20 28 31 34 59 77 109 127 130 137 141
8 1 78 86 89 91 140 143 146
10 10 28 34 59 62 88 120 127 130 137
7 2 19 29 41 83 121 139
10 10 18 43 63 66 85 96 100 103 145
12 42 47 55 57 73 81 99 102 105 112 122 135
9 5 53 61 76 97 120 123 124 131
6 56 57 105 112 122 135
7 24 37 38 47 87 117 141
10 12 19 30 36 65 90 92 109 110 136
8 28 34 58 59 62 127 137 149
7 2 19 22 41 83 121 139
8 5 14 53 55 97 120 123 131
7 28 34 59 62 127 130 137
9 3 21 25 71 77 80 94 111 113
6 57 105 112 115 122 135
8 11 33 45 60 70 75 82 107
10 9 20 24 37 38 39 47 87 117 141
9 17 40 57 73 81 105 112 122 135
11 15 16 25 46 50 72 77 79 80 111 113
10 20 28 34 48 59 62 69 127 137 144
8 19 41 49 51 64 83 121 139
7 25 72 77 80 104 111 113
11 7 11 15 33 45 52 60 66 70 75 82
10 12 30 36 54 66 90 92 112 126 138
8 16 24 37 44 47 87 117 141
9 21 25 50 77 80 94 104 111 113
11 6 17 23 56 57 81 105 112 113 122 135
9 4 12 16 30 36 90 92 128 136
10 11 22 33 45 70 75 82 108 125 134
8 29 31 78 86 89 91 140 146
12 8 17 42 57 73 81 99 105 112 119 122 135
9 28 34 52 59 127 133 137 144 149
10 7 11 33 45 52 70 75 82 119 134
10 21 25 46 48 71 77 80 94 111 113
11 13 17 42 57 73 81 105 112 115 122 135
7 12 30 36 90 92 110 133
9 28 34 35 48 58 59 88 127 137
10 13 19 22 41 49 64 83 121 125 139
10 5 14 49 53 55 97 102 123 124 131
9 5 14 53 56 64 97 120 123 131
7 24 37 38 47 87 93 117
7 3 15 25 77 80 111 113
10 2 19 22 41 49 83 118 121 125 139
9 24 37 38 39 47 87 101 117 135
10 9 24 37 39 44 47 87 95 117 141
9 4 12 26 30 36 90 92 110 136
6 28 34 59 127 132 137
7 25 72 77 80 94 111 113
9 24 37 38 44 47 87 117 131 141
13 15 25 64 71 72 77 79 80 87 104 110 111 113
9 26 51 56 57 105 112 121 122 135
7 7 24 37 44 47 87 117
9 5 14 40 53 97 102 123 124 131
7 12 30 36 37 90 92 142
8 1 31 67 78 86 91 140 146
12 4 12 24 30 36 69 85 90 92 116 136 139
10 10 18 23 28 43 85 98 100 103 145
10 19 22 41 51 62 64 83 118 121 139
11 12 16 30 36 44 54 90 92 109 126 128
12 1 9 24 37 38 44 47 66 87 101 117 141
10 5 29 53 55 76 97 120 123 124 131
9 27 67 78 86 89 91 140 144 146
9 33 45 52 70 75 82 107 114 130
10 24 28 34 51 59 84 88 127 137 148
6 12 30 36 90 92 144
10 19 22 41 49 51 64 83 121 125 139
10 28 34 47 58 59 62 127 132 137 145
9 12 47 68 78 86 91 140 143 146
8 25 70 77 80 94 104 111 113
10 5 14 40 53 61 76 97 120 123 131
8 28 34 58 59 62 84 127 137
9 6 17 57 73 81 105 112 122 135
12 9 24 37 38 44 47 87 93 101 116 117 141
8 5 19 53 61 76 97 123 131
10 0 12 16 30 36 54 90 92 109 142
7 28 34 59 88 127 137 144
8 19 41 64 83 106 118 121 139
13 2 19 20 22 41 49 51 83 89 121 125 132 139
8 19 41 49 58 83 106 121 139
9 24 37 38 47 87 93 117 141 143
11 2 19 22 41 49 64 83 118 119 121 139
13 8 15 21 25 51 72 77 79 80 94 104 111 113
6 33 45 70 75 82 107
9 13 33 45 70 75 82 98 107 129
6 10 18 85 103 145 147
9 33 45 52 64 70 75 82 119 134
8 5 14 53 76 89 97 123 131
6 5 42 53 97 123 131
7 6 57 105 112 116 122 135
10 8 56 57 59 73 105 112 115 122 135
9 8 42 57 73 105 112 118 122 135
8 5 40 53 76 97 102 123 131
9 0 1 29 67 78 86 91 140 146
9 56 57 73 105 112 115 122 135 141
10 28 34 35 59 84 127 130 132 137 144
11 23 27 29 44 68 78 86 91 140 143 146
7 33 45 70 75 82 108 134
11 7 11 33 45 70 74 75 82 119 122 132
12 20 28 34 35 49 59 88 127 130 137 144 148
8 0 4 12 15 30 36 90 92
10 8 17 42 56 57 73 105 112 122 135
8 20 24 37 38 39 47 87 117
8 28 34 59 62 127 130 137 148
10 3 25 26 71 77 80 87 94 111 113
9 5 23 40 43 53 62 97 123 131
8 8 57 59 105 112 122 135 146
8 9 24 37 47 87 93 95 117
7 5 53 97 102 120 123 131
7 5 40 53 76 97 123 131
7 10 18 63 85 96 103 145
9 29 31 78 86 89 91 140 143 146
10 27 31 34 67 78 86 91 140 143 146
7 8 17 57 105 112 122 135
10 9 24 37 39 44 47 87 93 117 133
9 6 10 17 56 57 105 112 122 135
8 31 78 86 89 91 140 143 146
12 10 18 23 59 69 85 87 96 100 103 115 145
9 10 18 63 66 69 70 85 103 145
10 28 34 48 51 58 59 84 127 137 144
6 33 45 70 75 82 119
9 7 24 37 44 47 79 87 101 117
7 12 30 36 90 92 132 138
9 5 14 40 53 65 97 102 123 131
8 12 27 30 36 90 92 128 144
6 33 45 60 70 75 82
8 3 25 77 79 80 94 111 113
10 3 15 21 25 42 77 80 104 111 113
15 15 24 37 38 39 47 63 67 87 89 93 101 117 133 141
10 3 21 25 46 53 77 80 104 111 113
8 28 32 34 59 84 127 137 144
8 10 18 43 66 85 98 103 145
10 15 25 77 79 80 94 104 111 113 125
9 33 45 60 70 75 82 119 129 134
9 27 31 78 86 89 91 103 140 146
12 0 12 30 36 40 90 92 109 116 133 136 142
10 3 15 25 77 80 94 101 111 113 129
9 15 25 52 72 77 80 104 111 113
7 24 37 39 47 87 93 117
11 17 24 37 38 44 47 87 93 95 117 141
10 2 24 37 38 39 47 87 101 117 125
12 6 17 50 56 57 58 81 105 112 115 122 135
11 5 21 25 50 57 72 77 80 94 111 113
9 9 24 37 39 44 47 87 117 137
7 24 37 47 87 93 100 117
8 10 18 64 66 85 96 103 145
11 6 8 17 57 81 105 109 112 122 129 135
10 24 37 39 47 87 91 109 117 136 141
10 10 11 18 49 69 85 98 103 145 147
10 8 11 13 33 45 58 70 75 82 114
10 1 26 29 67 68 78 86 91 140 146
12 3 15 25 42 46 72 77 80 104 111 113 116
7 28 34 48 59 127 133 137
7 24 37 38 47 87 117 141
7 5 53 76 97 112 123 131
10 5 53 61 74 97 102 104 120 123 131
12 1 27 29 31 50 68 73 78 86 91 140 146
9 2 19 25 41 51 83 121 134 139
8 17 56 57 81 105 112 122 135
7 24 37 38 47 84 87 117
13 5 8 40 46 53 55 61 76 97 110 120 123 131
8 26 33 45 70 75 82 107 125
9 10 18 63 85 96 100 103 145 147
9 2 19 41 49 64 83 106 121 139
9 15 21 25 77 80 94 104 111 113
12 3 15 21 25 58 71 77 79 80 98 111 113
10 1 27 78 85 86 89 91 140 143 146
9 28 34 35 55 59 127 137 144 148
8 15 21 25 77 80 104 111 113
9 25 31 50 71 77 80 85 111 113
9 1 27 68 78 86 89 91 140 146
11 33 45 70 74 75 82 107 108 114 118 132
10 15 25 50 71 77 79 80 94 111 113
9 12 16 30 31 36 53 90 92 142
8 20 28 34 58 59 127 137 148
8 10 33 45 52 69 70 75 82
8 33 45 70 75 82 108 114 119
7 28 34 59 62 127 137 149
7 6 57 105 112 115 122 135
9 5 6 57 80 99 105 112 122 135
10 1 5 53 96 97 118 123 124 131 141
7 24 37 38 47 87 95 117
13 5 14 37 53 76 95 97 102 114 123 131 140 148
9 19 41 51 52 64 83 121 125 139
10 10 18 63 64 85 98 100 103 145 147
8 20 28 34 48 59 127 132 137
10 9 24 37 38 44 47 87 95 96 117
6 15 25 77 80 111 113
9 67 68 78 86 89 91 103 140 146
10 17 56 57 73 105 112 113 122 135 148
7 13 33 45 70 74 75 82
9 19 22 41 83 106 118 121 123 139
8 7 13 33 45 60 70 75 82
9 8 57 81 99 105 112 115 122 135
11 4 10 16 18 66 85 96 100 103 145 147
8 28 32 34 59 127 135 137 148
8 25 32 35 77 80 104 111 113
11 21 25 50 57 72 77 79 80 101 111 113
7 25 46 77 80 95 111 113
6 21 25 77 80 111 113
8 24 37 38 47 87 117 141 146
10 10 18 23 69 85 96 100 103 121 145
9 27 29 68 78 86 91 140 143 146
8 17 42 57 69 105 112 122 135
6 5 40 53 97 123 131
8 28 34 59 88 103 127 133 137
12 5 14 40 53 55 76 97 102 123 124 131 140
7 0 12 30 36 90 92 104
8 5 53 55 61 97 123 124 131
12 2 19 41 49 51 54 83 93 106 118 121 139
9 1 29 42 78 83 86 91 140 146
7 31 78 86 89 91 140 146
8 4 12 30 36 64 90 92 136
8 9 24 37 38 39 47 87 117
12 5 26 53 55 61 76 97 120 123 124 131 148
11 5 53 55 61 76 97 102 123 124 131 137
8 6 23 57 99 105 112 122 135
10 7 24 37 39 47 87 93 98 117 142
10 14 15 25 55 77 80 94 99 111 113
6 27 78 86 91 140 146
7 5 53 55 97 123 131 140
9 21 25 46 71 77 80 106 111 113
10 25 27 29 31 78 86 89 91 140 146
10 5 14 40 53 61 88 97 102 123 131
9 17 56 57 99 105 112 122 135 145
8 21 25 46 77 79 80 111 113
8 40 78 86 91 140 142 143 146
9 9 24 37 38 39 47 63 87 117
12 1 27 29 31 68 78 86 89 91 105 140 146
8 3 21 25 71 77 80 111 113
9 2 19 22 41 64 83 106 121 139
11 6 9 24 37 44 47 87 101 110 117 141
9 19 22 41 49 64 83 118 121 139
10 2 19 22 41 49 83 118 121 125 139
9 33 45 52 60 70 74 75 82 107
8 5 53 55 61 97 120 123 131
9 19 41 49 51 64 83 121 133 139
9 24 37 44 47 87 88 90 117 141
11 21 24 37 44 47 56 71 87 93 108 117
9 2 19 36 41 49 83 106 121 139
10 15 28 34 35 48 58 59 127 133 137
10 13 20 33 45 70 75 82 107 117 129
10 10 18 23 43 66 85 100 103 130 145
8 33 45 52 70 75 82 108 114
8 9 24 37 47 87 95 117 141
6 17 57 105 112 122 135
9 2 19 41 51 64 83 106 121 139
9 24 37 47 73 87 93 97 108 117
13 5 14 40 53 54 61 76 97 102 120 123 124 131
7 8 57 105 112 115 122 135
10 27 67 68 78 86 89 91 110 140 146
10 3 21 25 46 71 76 77 80 111 113
9 42 57 73 81 90 105 112 122 135
11 5 53 76 97 99 102 115 123 124 131 137
8 33 45 60 70 75 82 107 134
8 28 34 35 59 62 127 133 137
8 0 12 30 36 56 90 92 136
9 2 19 41 63 83 104 118 121 139
7 67 78 86 91 140 143 146
10 10 18 63 66 85 96 98 100 103 145
11 2 19 22 41 49 51 64 83 118 121 139
8 24 37 39 44 47 87 117 141
6 12 30 36 90 92 136
9 10 18 26 43 85 96 103 145 147
5 78 86 91 140 146
9 19 22 37 41 51 83 106 121 139
8 3 25 46 71 77 80 111 113
7 25 71 72 77 80 111 113
8 27 31 34 78 86 91 140 146
8 5 9 53 76 97 102 123 131
7 10 18 66 85 100 103 145
10 20 28 34 59 77 84 99 127 133 137
10 28 32 34 36 59 62 84 127 132 137
10 20 28 34 48 59 127 130 137 144 149
10 24 37 38 44 47 53 82 87 101 117
8 28 34 48 59 127 133 137 144
11 5 10 18 23 66 73 85 96 100 103 145
9 20 28 34 48 59 62 127 132 137
7 0 12 30 36 90 92 116
6 24 37 47 87 114 117
8 5 14 53 55 79 97 123 131
8 11 21 25 71 77 80 111 113
7 31 67 78 86 91 140 146
12 5 14 40 53 58 76 97 102 120 123 131 136
10 11 13 33 45 70 75 82 107 108 114
8 27 33 45 70 75 82 92 107
10 10 18 69 85 98 103 107 123 145 147
8 5 40 53 55 78 97 123 131
8 24 37 39 41 44 47 87 117
13 3 21 25 49 72 77 79 80 94 111 113 120 126
10 24 37 39 44 47 87 113 117 133 141
8 8 56 57 75 105 112 122 135
6 10 18 63 85 103 145
8 11 33 45 56 70 74 75 82
9 10 18 23 66 85 95 100 103 145
10 5 14 40 53 61 76 97 123 124 131
7 24 37 39 47 87 95 117
11 2 19 22 34 41 53 64 83 118 121 139
6 24 37 38 47 87 117
7 28 34 48 59 127 130 137
8 21 25 77 80 104 111 113 119
11 15 25 42 71 77 79 80 94 104 111 113
10 0 42 56 57 73 99 105 112 122 135
9 0 12 30 36 90 92 109 136 142
8 10 18 23 85 99 100 103 145
7 20 28 34 59 127 133 137
7 24 37 38 44 47 87 117
8 27 29 78 86 89 91 140 146
8 5 14 53 55 97 102 123 131
9 9 28 34 35 59 88 127 130 137
6 42 57 105 112 122 135
9 1 8 33 45 70 75 82 114 129
12 8 17 42 56 57 73 99 105 112 115 122 135
7 19 22 41 49 83 121 139
10 28 34 59 80 98 127 133 137 144 148
9 0 12 16 30 36 54 90 92 136
11 19 22 41 51 64 74 83 121 125 129 139
9 9 24 37 39 47 87 101 117 141
7 24 37 39 47 87 101 117
9 12 30 36 43 65 67 90 92 126
6 25 71 77 80 111 113
7 25 71 77 80 98 111 113
10 3 15 25 77 80 94 104 111 113 118
10 0 12 16 30 36 54 90 92 110 136
9 25 34 50 72 77 80 111 113 118
6 67 78 86 91 140 146
7 12 30 36 90 92 116 143
9 27 31 68 78 86 91 140 143 146
11 10 18 23 45 69 85 96 103 123 137 145
9 8 42 57 73 99 105 112 122 135
9 10 18 25 85 96 100 103 145 147
6 33 45 70 75 82 114
7 7 33 45 70 74 75 82
12 6 10 18 63 66 69 85 96 100 103 145 147
14 0 4 12 26 30 36 54 90 92 110 116 118 126 138
12 12 14 26 30 36 54 81 90 92 129 136 142
12 1 8 27 29 67 78 86 89 91 140 143 146
10 5 53 55 61 76 97 120 123 124 131
7 31 78 86 91 140 143 146
15 0 12 16 26 30 36 54 59 90 92 110 116 126 128 142
6 33 45 48 70 75 82
10 10 18 23 43 69 85 103 141 145 147
8 12 30 36 90 92 128 136 138
10 7 33 45 52 60 70 75 82 108 129
9 1 19 41 49 51 83 106 121 139
11 6 8 53 57 76 78 81 105 112 122 135
9 2 19 30 41 49 83 106 121 139
8 25 71 77 80 94 104 111 113
12 3 25 46 54 72 74 77 79 80 94 111 113
7 24 37 38 47 87 101 117
10 8 56 57 73 99 105 112 115 122 135
11 24 25 37 39 44 47 87 93 95 101 117
11 17 22 42 56 57 81 99 105 112 122 135
12 7 11 13 33 45 48 70 75 82 119 127 134
6 5 53 76 97 123 131
10 5 7 40 53 55 97 102 123 128 131
7 31 78 86 91 111 140 146
12 12 16 26 30 36 54 58 90 92 94 119 138
9 33 45 65 70 75 82 107 134 139
10 5 27 40 53 54 55 56 97 123 131
8 5 53 55 61 94 97 123 131
9 28 32 34 59 62 127 134 137 144
6 10 18 70 85 103 145
10 3 25 46 72 77 80 104 111 113 124
9 1 26 39 78 86 91 121 140 146
7 5 53 55 97 123 124 131
7 12 30 36 90 92 126 136
10 3 25 71 72 77 80 104 111 113 142
7 19 41 51 83 114 121 139
8 5 14 53 97 100 123 129 131
8 10 18 23 43 66 85 103 145
12 6 8 17 51 56 57 99 105 112 115 122 135
9 12 16 30 36 62 65 73 90 92
11 28 34 35 48 59 62 127 130 137 148 149
9 6 17 57 73 105 112 122 129 135
14 21 25 42 46 50 72 77 79 80 94 104 111 113 132
7 6 57 99 105 112 122 135
10 11 25 59 77 80 94 110 111 113 144
8 5 14 53 97 102 123 124 131
8 10 18 43 85 96 98 103 145
9 8 42 57 99 105 112 122 123 135
8 29 78 86 89 91 134 140 146
5 57 105 112 122 135
7 28 34 58 59 127 132 137
9 6 8 42 57 99 105 112 122 135
8 24 37 39 47 60 87 117 141
6 12 30 36 90 92 128
7 31 78 86 89 91 140 146
8 1 3 31 78 86 91 140 146
7 25 77 80 94 111 113 147
10 5 32 53 55 76 97 102 111 123 131
10 21 25 46 71 77 80 94 95 111 113
9 31 67 68 78 86 91 126 140 146
9 33 45 60 70 74 75 82 129 134
10 5 35 40 53 55 97 101 102 123 131
11 2 19 22 41 45 48 73 83 90 121 139
7 1 27 78 86 91 140 146
9 7 25 77 80 94 104 111 113 147
12 1 29 31 39 68 78 86 91 103 140 145 146
8 13 33 45 52 60 70 75 82
9 5 28 34 59 84 88 112 127 137
6 10 18 23 85 103 145
10 4 12 16 30 36 54 90 92 128 142
13 9 24 37 38 39 44 47 69 72 87 95 101 117
11 0 12 26 30 36 40 90 92 109 110 126
8 5 29 53 76 97 102 123 131
13 4 12 16 30 36 54 65 84 90 92 110 126 136
7 24 37 44 47 87 117 141
7 25 71 77 80 94 111 113
7 28 34 59 118 127 137 148
11 11 28 33 45 70 74 75 82 114 115 129
11 4 12 16 26 30 36 65 90 92 110 126
11 1 31 36 68 78 86 91 99 121 140 146
9 24 37 38 39 47 73 87 95 117
11 2 19 22 41 49 64 83 98 118 121 139
6 24 37 47 87 93 117
8 3 25 46 50 77 80 111 113
8 1 67 78 86 91 94 140 146
12 31 40 42 56 57 73 81 99 105 112 122 135
10 15 21 25 64 71 77 79 80 111 113
9 28 31 67 78 86 91 140 143 146
9 6 10 18 43 85 100 103 122 145
9 12 30 36 54 90 92 109 110 128
14 9 21 24 37 39 44 47 87 93 95 114 117 119 125
7 1 27 78 86 91 140 146
8 12 30 36 90 92 109 110 126
8 10 18 54 63 85 100 103 145
8 1 67 78 86 91 140 142 146
7 24 37 47 87 95 117 141
7 33 45 70 75 78 82 134
6 57 105 112 115 122 135
8 42 56 57 105 112 122 135 149
10 10 18 63 85 96 100 103 116 141 145
11 19 21 22 41 49 64 83 106 121 125 139
9 5 41 53 55 97 120 123 124 131
7 17 57 81 105 112 122 135
10 21 25 46 77 80 86 88 104 111 113
8 24 37 38 47 87 95 101 117
9 25 32 72 77 80 90 104 111 113
9 4 12 30 36 65 90 92 116 138
7 7 33 45 61 70 75 82
8 0 12 30 36 90 92 128 142
11 19 25 41 49 51 64 83 118 121 125 139
8 25 56 72 77 79 80 111 113
10 6 17 42 56 57 99 105 112 122 135
9 0 12 30 36 90 92 126 128 136
10 9 11 24 37 44 47 87 95 102 117
10 28 34 58 59 77 84 94 110 127 137
7 28 34 35 59 126 127 137
7 78 86 89 91 140 143 146
10 27 67 68 78 86 87 89 91 140 146
9 2 19 41 51 60 83 121 125 139
9 9 24 37 39 47 87 95 115 117
9 1 25 29 78 86 89 91 140 146
9 5 8 14 40 53 76 97 123 131
9 4 12 30 36 54 55 85 90 92
9 6 17 57 81 99 105 112 122 135
8 5 40 53 76 97 120 123 131
9 7 13 33 45 60 70 75 82 119
7 33 45 60 70 74 75 82
11 5 30 40 53 97 102 120 123 131 143 146
9 4 12 30 36 54 90 92 126 136
7 5 53 88 97 102 123 131
8 22 24 37 44 47 66 87 117
15 1 27 29 31 67 68 78 86 89 91 118 132 140 143 146
5 28 34 59 127 137
10 0 12 13 26 30 36 58 90 92 138
12 8 12 33 42 57 73 99 105 112 115 122 135
9 4 12 30 36 65 68 82 90 92
12 7 8 17 56 57 98 99 105 112 115 122 135
9 24 37 39 47 87 93 101 117 138
8 27 31 78 86 89 91 140 146
6 33 45 70 75 82 114
11 9 24 37 38 39 44 47 53 87 117 141
9 5 14 53 55 61 97 102 123 131
8 7 33 45 70 75 82 108 129
9 10 18 43 63 85 96 103 121 145
7 31 67 78 86 91 140 146
11 0 1 7 29 47 67 78 86 91 140 146
13 12 16 26 30 36 54 65 90 92 109 128 136 138
10 42 50 56 57 81 99 105 112 122 135
8 1 68 78 86 89 91 140 146
9 7 33 45 70 74 75 82 89 114
8 24 37 38 44 47 87 117 139
9 10 18 64 69 85 100 103 115 145
10 1 4 12 30 36 54 90 92 126 138
10 15 25 71 76 77 80 92 104 111 113
8 15 25 72 77 79 80 111 113
10 6 24 37 39 47 87 101 117 141 143
8 2 19 41 83 106 121 139 148
7 12 26 30 36 90 92 142
8 10 18 63 85 98 100 103 145
8 12 26 30 36 39 90 92 128
11 8 47 56 57 81 99 105 112 122 135 143
8 13 33 45 70 75 82 107 114
7 6 57 105 112 115 122 135
6 28 34 44 59 127 137
10 3 25 46 58 71 77 80 111 113 117
10 19 22 41 49 64 83 114 121 125 139
12 12 15 21 25 50 71 77 80 82 94 111 113
9 56 57 81 99 105 112 115 122 135
8 0 4 12 30 36 90 92 126
8 19 39 41 64 83 118 121 139
9 15 25 50 71 77 80 94 111 113
8 12 30 36 65 90 92 126 136
7 5 53 55 76 97 123 131
10 5 40 53 55 87 97 120 123 124 131
8 12 30 36 90 92 110 116 136
8 19 41 51 83 87 118 121 139
9 3 21 25 72 77 79 80 111 113
9 24 37 47 87 95 117 118 129 141
7 31 78 86 89 91 140 146
11 28 34 35 59 81 127 130 137 139 144 149
9 6 17 57 94 99 105 112 122 135
8 4 12 30 36 54 90 92 144
6 67 78 86 91 140 146
9 6 8 17 56 57 105 112 122 135
9 2 19 41 51 83 118 121 125 139
8 57 99 105 112 115 122 135 142
10 7 33 36 45 52 60 70 75 82 129
7 24 37 38 47 87 113 117
6 3 12 30 36 90 92
8 19 22 41 49 83 106 121 139
6 24 37 47 87 93 117
7 27 78 86 91 140 143 146
6 12 30 36 90 92 138
13 10 18 43 63 69 85 86 94 98 100 103 145 147
10 20 28 34 59 62 89 127 132 137 144
8 43 78 86 89 91 140 143 146
8 25 46 77 80 94 111 113 124
8 57 84 99 105 112 122 126 135
8 25 50 71 77 79 80 111 113
8 19 41 49 64 83 121 125 139
7 28 34 59 116 127 137 149
6 5 53 55 97 123 131
9 19 41 49 51 53 83 106 121 139
10 33 45 52 70 74 75 82 107 129 134
8 17 57 73 105 106 112 122 135
10 2 19 22 37 41 49 83 106 121 139
9 10 18 37 43 66 85 100 103 145
10 8 17 42 57 81 105 112 122 128 135
6 5 53 97 123 124 131
7 24 26 37 47 87 117 141
8 5 13 53 97 102 120 123 131
7 10 18 85 100 103 145 148
7 56 57 105 111 112 122 135
7 11 33 45 60 70 75 82
7 9 10 18 63 85 103 145
6 25 72 77 80 111 113
9 27 29 31 68 78 86 91 140 146
6 10 33 45 70 75 82
11 10 18 50 63 69 85 98 103 123 133 145
11 7 33 39 45 70 75 82 105 107 134 135
10 8 12 30 36 54 75 90 92 109 136
9 8 17 42 57 81 105 112 122 135
9 68 78 86 89 91 104 140 143 146
8 2 19 41 49 51 83 121 139
7 27 78 86 91 140 143 146
10 20 26 28 32 34 58 59 127 132 137
9 28 32 34 59 62 92 127 133 137
7 24 37 44 47 87 95 117
10 9 24 33 37 44 47 87 93 117 147
8 3 25 71 77 79 80 111 113
8 4 12 30 36 90 92 110 116
10 10 18 43 63 66 85 96 100 103 145
10 9 24 37 38 39 47 84 87 111 117
8 10 18 43 69 85 98 103 145
9 8 57 81 91 99 105 112 122 135
9 6 8 42 55 57 105 112 122 135
9 3 8 21 25 77 80 85 111 113
6 10 18 85 103 128 145
10 1 27 29 78 86 89 91 140 143 146
8 5 8 40 46 53 97 123 131
8 67 78 80 86 89 91 140 146
9 19 41 51 64 83 106 121 125 139
10 3 15 25 50 77 80 83 100 111 113
8 29 67 78 86 89 91 140 146
9 12 30 36 46 54 90 92 116 128
11 27 29 31 68 78 86 89 91 135 140 146
8 14 15 25 77 80 92 111 113
9 2 19 41 49 51 83 121 125 139
8 42 57 99 105 112 115 122 135
6 42 57 105 112 122 135
7 11 33 45 70 75 82 108
9 10 18 23 63 69 85 103 145 147
8 31 67 78 86 91 107 140 146
10 5 40 53 55 97 102 123 131 133 140
9 10 18 58 63 69 85 100 103 145
11 4 9 14 24 37 44 47 87 101 117 141
11 57 74 99 105 109 112 115 122 130 133 135
9 33 45 60 70 75 82 107 119 129
7 24 37 47 87 95 117 136
9 10 18 43 66 69 85 96 103 145
11 9 24 25 37 38 47 87 93 95 117 141
7 12 30 36 65 90 92 116
6 56 57 105 112 122 135
8 9 24 37 47 87 95 101 117
8 24 37 39 47 87 101 117 141
10 29 67 68 78 86 89 91 140 143 146
10 31 67 68 78 86 91 133 140 143 146
9 5 53 55 61 97 102 123 124 131
10 7 9 42 57 81 105 112 115 122 135
10 15 28 34 59 127 132 133 137 144 148
6 10 18 85 98 103 145
9 8 31 78 86 91 115 140 143 146
7 10 18 85 98 100 103 145
8 5 14 53 97 102 123 124 131
10 1 29 31 68 78 86 89 91 140 146
8 3 25 50 77 80 104 111 113
10 42 56 57 73 81 100 105 112 122 135
10 8 42 56 57 65 81 105 112 122 135
8 15 25 50 77 79 80 111 113
8 19 22 41 51 83 106 121 139
6 8 57 105 112 122 135
9 19 41 49 51 83 106 121 125 139
8 5 14 53 97 102 123 124 131
9 10 18 23 69 85 103 145 147 148
12 15 25 46 50 65 71 77 80 111 113 129 145
7 15 25 72 77 80 111 113
11 24 37 39 44 47 87 93 96 101 117 141
10 42 57 73 89 99 105 112 115 122 135
12 5 40 53 55 61 76 80 97 102 120 123 131
9 2 19 41 83 106 118 121 125 139
12 3 21 25 37 46 50 55 77 80 104 111 113
6 12 30 36 54 90 92
9 12 30 36 54 57 90 92 116 126
8 33 45 64 70 75 82 108 119
5 33 45 70 75 82
9 5 14 53 55 61 97 123 124 131
8 10 18 43 63 69 85 103 145
9 20 28 34 35 59 112 127 137 148
8 31 51 78 86 91 101 140 146
8 12 30 36 90 92 110 128 138
11 5 40 53 55 61 76 97 102 120 123 131
9 1 7 13 33 45 70 75 82 114
7 7 33 45 70 75 82 134
13 10 18 23 63 66 69 85 98 100 103 131 145 147
10 12 30 36 90 92 109 114 116 128 138
8 2 19 41 49 83 106 121 139
8 28 34 38 59 121 127 130 137
9 7 33 45 69 70 75 82 129 145
10 0 12 16 30 36 90 91 92 136 142
10 5 14 29 53 61 97 120 123 124 131
7 10 18 43 85 103 145 147
10 19 22 41 49 51 83 106 121 125 139
10 6 17 56 57 81 99 105 112 122 135
8 12 30 36 65 74 90 92 126
9 21 25 71 77 79 80 94 111 113
7 2 19 41 49 83 121 139
10 0 7 13 33 45 70 75 82 105 108
9 5 53 55 61 97 122 123 124 131
10 24 28 34 48 59 62 88 127 132 137
8 6 17 57 81 105 112 122 135
8 2 19 41 64 83 94 121 139
11 3 8 17 57 63 73 105 112 122 135 142
9 31 67 68 78 86 91 140 143 146
8 19 22 41 83 106 121 125 139
9 6 42 57 73 105 112 115 122 135
7 25 77 79 80 94 111 113
13 10 18 23 25 60 63 66 85 98 103 139 145 147
9 13 24 37 47 87 93 117 125 141
7 28 34 58 59 127 137 144
8 8 42 57 83 105 112 122 135
10 12 30 36 85 90 92 116 126 136 142
9 31 67 68 78 86 91 140 143 146
7 9 24 37 47 87 117 143
10 27 67 68 78 86 89 91 140 143 146
7 57 80 81 105 112 122 135
11 5 50 53 82 97 102 118 123 124 131 144
9 1 31 52 78 86 89 91 140 146
6 19 41 49 83 121 139
8 10 18 63 85 96 100 103 145
8 5 53 97 102 106 120 123 131
7 28 34 59 127 133 137 148
7 1 78 86 91 140 143 146
9 2 19 41 49 51 83 121 125 139
11 5 14 40 53 55 65 97 102 120 123 131
10 17 29 67 68 78 86 89 91 140 146
0 2476 3924 4951 5748 6399 6950 7427 7847 8224 8564 8875 9161 9425
